Gene Module seed_gene
100 7008 0
1000 7008 0
10006 7008 0
10007 7008 1
100132285 7008 0
100132406 7008 0
100133941 7008 0
10015 7008 0
10018 7008 0
10019 7008 0
10020 7008 0
10038 7008 0
10040 7008 0
10051 7008 0
10061 7008 0
10066 7008 0
10067 7008 0
10073 7008 0
10075 7008 0
10077 7008 0
10079 7008 0
1008 7008 0
10084 7008 0
10093 7008 0
10101 7008 0
10103 7008 0
10106 7008 0
10121 7008 0
10123 7008 1
10135 7008 0
10137 7008 0
10140 7008 0
10142 7008 0
10148 7008 0
10149 7008 0
10153 7008 0
10160 7008 0
10161 7008 0
10166 7008 0
10169 7008 0
1017 7008 0
10170 7008 0
10171 7008 0
10175 7008 0
10181 7008 0
10184 7008 1
10190 7008 0
10195 7008 0
10197 7008 0
10199 7008 0
102 7008 0
10200 7008 0
10204 7008 0
1021 7008 0
10213 7008 0
10214 7008 0
10215 7008 0
10216 7008 0
10219 7008 1
10220 7008 1
10223 7008 0
10226 7008 0
10234 7008 0
10235 7008 0
10236 7008 0
10237 7008 0
1024 7008 0
10240 7008 0
10242 7008 0
10246 7008 0
10253 7008 1
10257 7008 0
10262 7008 0
10263 7008 0
10269 7008 0
1027 7008 0
10273 7008 0
10276 7008 1
10280 7008 0
10282 7008 0
10289 7008 0
1029 7008 0
10291 7008 0
10299 7008 0
1030 7008 1
10302 7008 0
10308 7008 0
1031 7008 0
10313 7008 0
10316 7008 0
10319 7008 0
1032 7008 0
10321 7008 0
10326 7008 0
1033 7008 1
10342 7008 0
10346 7008 0
10351 7008 0
10365 7008 1
10367 7008 1
10368 7008 0
10370 7008 0
10371 7008 0
10379 7008 0
10389 7008 0
10390 7008 0
10395 7008 0
10397 7008 0
10403 7008 0
10409 7008 0
10412 7008 0
10417 7008 0
10423 7008 0
10426 7008 0
10430 7008 0
10437 7008 0
1044 7008 0
10443 7008 0
10447 7008 0
10449 7008 0
10451 7008 0
10452 7008 0
10455 7008 0
10457 7008 1
10467 7008 0
10468 7008 0
1047 7008 0
10472 7008 0
10476 7008 0
10477 7008 0
10478 7008 0
10479 7008 0
10482 7008 0
10483 7008 1
10484 7008 0
10490 7008 0
10491 7008 0
10493 7008 0
10497 7008 1
10501 7008 1
1051 7008 0
10512 7008 0
10519 7008 0
10523 7008 0
10525 7008 0
10528 7008 0
1053 7008 0
10534 7008 0
105375355 7008 1
10538 7008 0
10539 7008 0
1054 7008 0
10541 7008 0
10542 7008 0
10548 7008 0
10549 7008 0
10550 7008 0
10551 7008 0
10556 7008 0
10559 7008 0
10560 7008 0
10561 7008 1
10562 7008 0
10563 7008 0
10564 7008 0
10567 7008 0
10568 7008 0
10572 7008 0
10573 7008 0
10577 7008 0
10581 7008 0
10587 7008 0
10588 7008 0
10591 7008 0
10594 7008 0
10595 7008 0
10598 7008 0
10600 7008 0
10613 7008 1
10615 7008 1
10622 7008 0
10626 7008 0
10627 7008 0
10628 7008 0
10632 7008 0
10633 7008 0
10643 7008 0
10650 7008 0
10653 7008 0
10656 7008 0
10657 7008 0
1066 7008 1
10661 7008 0
10664 7008 0
10669 7008 0
10670 7008 0
10671 7008 0
1068 7008 0
10682 7008 0
10683 7008 0
10687 7008 0
1069 7008 0
10690 7008 0
10692 7008 0
10694 7008 1
107 7008 0
1070 7008 0
10712 7008 0
10724 7008 0
10728 7008 0
10730 7008 0
10735 7008 0
10747 7008 0
10750 7008 0
10761 7008 0
10762 7008 0
10763 7008 0
10769 7008 0
10782 7008 0
10786 7008 0
10797 7008 1
107987423 7008 1
10799 7008 0
10802 7008 0
10803 7008 1
10808 7008 0
10825 7008 0
10842 7008 0
10846 7008 0
10857 7008 0
10858 7008 0
10874 7008 0
1088 7008 0
10881 7008 0
10882 7008 0
10884 7008 0
10885 7008 0
1089 7008 0
10892 7008 0
10897 7008 0
10899 7008 0
10904 7008 0
10907 7008 0
10908 7008 0
10916 7008 0
10921 7008 0
10923 7008 0
10924 7008 0
10935 7008 1
10940 7008 0
10944 7008 0
10945 7008 0
10947 7008 0
10949 7008 0
10950 7008 0
10951 7008 0
10954 7008 1
10955 7008 0
10956 7008 0
10957 7008 0
10959 7008 0
10960 7008 0
10961 7008 0
10962 7008 0
10964 7008 0
10972 7008 0
10973 7008 0
10974 7008 0
10975 7008 0
10978 7008 0
10979 7008 0
10980 7008 0
10981 7008 0
10992 7008 0
10993 7008 0
10994 7008 0
11000 7008 0
11004 7008 1
11009 7008 0
11012 7008 0
11013 7008 0
11015 7008 0
11017 7008 0
1102 7008 0
11022 7008 0
11024 7008 0
11026 7008 0
11031 7008 0
11033 7008 0
11034 7008 0
1104 7008 0
11040 7008 0
1105 7008 0
11059 7008 0
11061 7008 0
11065 7008 1
11073 7008 0
11075 7008 0
11078 7008 0
11079 7008 0
11080 7008 0
11082 7008 0
11100 7008 0
11103 7008 0
11107 7008 0
1112 7008 0
11126 7008 0
11133 7008 1
11136 7008 0
11137 7008 0
11138 7008 0
1114 7008 0
11140 7008 0
11141 7008 0
11142 7008 0
11145 7008 0
11146 7008 0
11153 7008 0
1116 7008 1
11163 7008 0
11167 7008 0
11174 7008 0
1118 7008 0
11188 7008 0
11189 7008 0
11190 7008 0
11197 7008 0
11199 7008 0
1120 7008 0
11202 7008 0
11224 7008 0
11226 7008 0
1123 7008 0
11230 7008 0
11231 7008 0
11235 7008 0
11238 7008 0
112398 7008 0
112399 7008 0
11247 7008 0
11251 7008 1
11252 7008 0
11254 7008 0
11259 7008 0
11264 7008 0
11267 7008 0
11274 7008 0
1131 7008 0
113146 7008 0
11315 7008 0
11316 7008 0
113177 7008 0
11328 7008 1
11331 7008 0
11332 7008 0
11336 7008 0
11338 7008 0
1134 7008 0
113419 7008 0
11342 7008 0
11346 7008 0
1135 7008 0
1136 7008 0
1137 7008 0
1138 7008 0
114049 7008 0
114088 7008 0
1146 7008 0
114881 7008 0
114882 7008 0
114883 7008 0
114884 7008 0
114897 7008 0
1149 7008 0
114908 7008 0
114932 7008 0
115207 7008 0
1154 7008 0
115653 7008 0
115939 7008 0
116 7008 0
116039 7008 0
116138 7008 0
1164 7008 1
116832 7008 0
116987 7008 1
117246 7008 0
1173 7008 0
1174 7008 0
1178 7008 1
1182 7008 0
1191 7008 0
1200 7008 0
120526 7008 0
1207 7008 0
1213 7008 0
1215 7008 0
123 7008 0
1232 7008 1
1233 7008 0
124 7008 0
124565 7008 0
124801 7008 0
125 7008 0
1258 7008 0
125893 7008 0
1259 7008 0
126070 7008 0
1265 7008 0
1266 7008 0
1271 7008 0
1277 7008 0
1278 7008 0
128 7008 0
1281 7008 0
1282 7008 0
128553 7008 1
1287 7008 0
1289 7008 0
1292 7008 1
1293 7008 0
1297 7008 0
1298 7008 0
1299 7008 0
1301 7008 0
1306 7008 0
1311 7008 0
1312 7008 0
1315 7008 0
131578 7008 0
1316 7008 0
1317 7008 0
1318 7008 0
132 7008 0
1325 7008 0
1326 7008 0
1329 7008 0
133 7008 0
134 7008 0
1340 7008 0
1347 7008 0
1349 7008 0
1351 7008 0
1353 7008 0
1356 7008 0
1359 7008 1
136 7008 0
1361 7008 0
1362 7008 0
1363 7008 0
1366 7008 1
1368 7008 0
1370 7008 0
1371 7008 0
1373 7008 0
1374 7008 0
1380 7008 0
138046 7008 0
1385 7008 0
1387 7008 0
1389 7008 0
1390 7008 0
1393 7008 0
1396 7008 0
1397 7008 1
1400 7008 0
1401 7008 0
140461 7008 0
1407 7008 1
140803 7008 0
140890 7008 0
1409 7008 0
1410 7008 0
1428 7008 0
1429 7008 0
1431 7008 0
1437 7008 0
1440 7008 0
1445 7008 0
1452 7008 0
1454 7008 0
1456 7008 0
1457 7008 0
1459 7008 0
1462 7008 0
146562 7008 0
1471 7008 0
1472 7008 0
1478 7008 0
1482 7008 0
1487 7008 0
148753 7008 0
1490 7008 0
1491 7008 0
1493 7008 0
149603 7008 0
149628 7008 0
1503 7008 0
1506 7008 0
1508 7008 1
1509 7008 1
151 7008 0
151011 7008 1
1511 7008 0
1512 7008 0
1513 7008 0
1514 7008 1
1515 7008 0
1519 7008 0
152015 7008 0
1521 7008 0
1522 7008 1
1525 7008 0
1528 7008 0
1535 7008 0
1537 7008 0
1545 7008 0
1548 7008 0
1549 7008 0
1553 7008 0
1571 7008 0
1583 7008 0
1588 7008 0
1591 7008 0
1592 7008 0
1595 7008 0
16 7008 0
1603 7008 0
1604 7008 0
1607 7008 0
1608 7008 0
161176 7008 0
1612 7008 0
1615 7008 0
1620 7008 0
162427 7008 0
1627 7008 0
1628 7008 0
162972 7008 0
1632 7008 0
1633 7008 0
1634 7008 0
1636 7008 0
1638 7008 0
164 7008 0
1641 7008 0
1645 7008 0
1646 7008 0
1647 7008 0
165 7008 0
1652 7008 0
1653 7008 0
1654 7008 0
166 7008 0
1666 7008 0
1669 7008 0
1671 7008 0
1672 7008 0
167227 7008 0
1675 7008 0
1678 7008 0
168544 7008 0
1687 7008 0
1690 7008 0
169611 7008 1
170680 7008 0
170960 7008 0
171220 7008 0
171546 7008 0
171558 7008 0
1717 7008 0
1718 7008 1
1719 7008 0
1725 7008 0
1727 7008 0
1730 7008 0
1733 7008 0
1737 7008 0
1738 7008 0
1746 7008 0
1748 7008 0
1759 7008 0
176 7008 0
1761 7008 0
1770 7008 0
1773 7008 0
1775 7008 0
1777 7008 0
1778 7008 0
1780 7008 0
1781 7008 0
1791 7008 0
18 7008 0
1804 7008 0
1806 7008 1
1807 7008 0
1808 7008 0
1809 7008 0
1816 7008 0
182 7008 0
1823 7008 0
1825 7008 0
1829 7008 0
1831 7008 0
1832 7008 0
1833 7008 0
1839 7008 0
1844 7008 0
1848 7008 0
1852 7008 0
1854 7008 0
1870 7008 1
189 7008 0
1891 7008 0
1892 7008 0
1893 7008 0
1894 7008 0
19 7008 0
1907 7008 0
192286 7008 0
192670 7008 0
192683 7008 0
1933 7008 0
1936 7008 0
1937 7008 0
1938 7008 0
1939 7008 0
1942 7008 0
1946 7008 1
1955 7008 0
1959 7008 0
1960 7008 1
1964 7008 0
1965 7008 0
1967 7008 0
1968 7008 0
1969 7008 0
197320 7008 0
1974 7008 0
1975 7008 0
1977 7008 0
1978 7008 0
1981 7008 1
1983 7008 0
1991 7008 0
1993 7008 0
1994 7008 0
1996 7008 0
2 7008 1
200576 7008 0
200734 7008 0
2010 7008 0
201191 7008 0
2012 7008 0
2013 7008 0
2015 7008 0
201501 7008 0
201562 7008 0
2017 7008 0
202 7008 0
2021 7008 0
2029 7008 0
203 7008 0
2030 7008 0
2034 7008 0
2037 7008 0
2038 7008 0
2039 7008 0
2040 7008 0
2045 7008 0
205 7008 1
2051 7008 0
2052 7008 0
2058 7008 0
2060 7008 0
2064 7008 0
2065 7008 0
2069 7008 0
207 7008 0
2079 7008 0
2098 7008 0
210 7008 0
2100 7008 1
2107 7008 0
2109 7008 0
211 7008 0
2110 7008 0
2114 7008 0
2119 7008 0
212 7008 0
2128 7008 0
2130 7008 0
2131 7008 0
2132 7008 0
2135 7008 0
214 7008 1
2146 7008 1
2147 7008 0
2152 7008 0
2153 7008 1
2155 7008 0
2160 7008 0
2162 7008 0
2165 7008 0
2167 7008 0
217 7008 0
2172 7008 0
2173 7008 0
2176 7008 0
2178 7008 0
218 7008 0
2181 7008 0
2184 7008 1
2186 7008 0
2191 7008 0
2193 7008 0
2194 7008 0
2195 7008 0
220 7008 0
2203 7008 0
2205 7008 0
2206 7008 1
2208 7008 0
221037 7008 0
221061 7008 0
221154 7008 0
221443 7008 0
2217 7008 0
221749 7008 0
2222 7008 0
2224 7008 0
222487 7008 0
223 7008 1
2230 7008 0
2235 7008 0
224 7008 0
2243 7008 0
2254 7008 0
2258 7008 0
2267 7008 0
2271 7008 1
2272 7008 0
2274 7008 0
22795 7008 0
22798 7008 0
2280 7008 0
22802 7008 0
22818 7008 0
22822 7008 0
22823 7008 0
22826 7008 0
22828 7008 0
22836 7008 1
22838 7008 0
22847 7008 0
22856 7008 0
2286 7008 0
22866 7008 0
2287 7008 0
22876 7008 0
2288 7008 0
22882 7008 0
22883 7008 0
22887 7008 0
22889 7008 0
2289 7008 1
22890 7008 0
22895 7008 1
22900 7008 0
22903 7008 0
22906 7008 0
22908 7008 0
22919 7008 0
22925 7008 0
22927 7008 0
22934 7008 0
22937 7008 0
22948 7008 1
2296 7008 0
2297 7008 0
22974 7008 1
22976 7008 0
22977 7008 0
22986 7008 0
22999 7008 0
23 7008 0
23017 7008 0
23019 7008 0
23020 7008 0
23028 7008 0
23029 7008 0
23032 7008 0
23035 7008 0
23036 7008 0
23040 7008 0
23042 7008 0
23052 7008 0
23057 7008 0
23063 7008 0
23064 7008 0
23076 7008 0
2308 7008 0
23085 7008 0
23089 7008 0
23090 7008 0
23096 7008 0
23107 7008 0
23118 7008 0
23119 7008 0
2312 7008 0
23140 7008 0
23149 7008 0
23151 7008 0
23157 7008 0
23158 7008 0
23164 7008 0
23165 7008 0
23167 7008 0
23169 7008 0
2317 7008 0
23170 7008 0
23171 7008 0
23173 7008 0
23175 7008 0
23179 7008 0
2318 7008 0
23186 7008 0
23190 7008 0
23191 7008 1
23199 7008 0
23200 7008 0
23204 7008 0
23210 7008 0
23213 7008 0
2322 7008 1
23220 7008 0
23221 7008 0
23231 7008 0
23237 7008 0
2324 7008 0
23243 7008 0
23244 7008 0
23246 7008 0
23254 7008 0
23255 7008 0
23256 7008 0
23259 7008 0
23266 7008 0
23268 7008 0
2327 7008 0
23270 7008 0
23272 7008 0
23294 7008 0
2331 7008 0
23310 7008 0
23312 7008 0
23313 7008 1
23314 7008 0
23321 7008 0
23327 7008 0
23328 7008 0
23333 7008 0
23336 7008 0
23338 7008 0
2334 7008 0
23344 7008 0
23348 7008 0
2335 7008 1
23352 7008 0
23355 7008 0
23360 7008 0
23370 7008 0
23379 7008 0
23385 7008 0
23394 7008 0
23399 7008 0
23405 7008 0
23408 7008 0
23411 7008 0
23421 7008 0
23423 7008 0
23424 7008 0
23435 7008 0
23450 7008 0
23462 7008 0
23463 7008 0
23467 7008 0
23468 7008 0
23471 7008 0
23474 7008 0
23475 7008 0
23478 7008 1
23479 7008 0
23480 7008 0
23484 7008 0
23492 7008 0
23499 7008 0
23509 7008 0
23514 7008 0
23515 7008 0
23516 7008 0
23517 7008 0
23518 7008 0
2352 7008 0
23521 7008 0
23527 7008 0
23528 7008 0
23532 7008 0
23539 7008 1
2354 7008 0
23543 7008 0
23545 7008 0
23547 7008 0
23560 7008 0
23569 7008 0
23580 7008 0
23586 7008 0
23587 7008 0
23588 7008 0
23589 7008 0
23592 7008 0
23593 7008 0
23594 7008 0
23595 7008 0
23596 7008 1
23597 7008 0
23607 7008 0
23608 7008 0
23625 7008 0
23633 7008 0
23636 7008 0
23641 7008 0
23645 7008 0
23646 7008 1
23654 7008 0
23657 7008 0
23658 7008 0
23660 7008 0
23670 7008 0
23677 7008 0
23682 7008 0
23683 7008 0
23705 7008 0
23753 7008 0
23760 7008 0
23764 7008 0
23788 7008 1
238 7008 0
239 7008 0
241 7008 0
24140 7008 0
24145 7008 0
246 7008 0
246243 7008 0
248 7008 0
249 7008 0
2495 7008 0
2517 7008 0
2521 7008 0
2529 7008 0
2530 7008 0
2534 7008 0
2537 7008 0
253782 7008 1
253943 7008 0
2542 7008 0
2547 7008 0
2548 7008 1
2563 7008 0
2564 7008 0
256987 7008 0
2571 7008 0
25770 7008 0
25777 7008 0
25788 7008 0
25796 7008 0
2581 7008 0
25814 7008 0
25816 7008 0
2582 7008 0
25825 7008 0
25828 7008 0
2583 7008 0
25834 7008 0
25840 7008 1
25842 7008 0
25855 7008 0
25873 7008 0
25878 7008 0
25879 7008 0
2589 7008 0
25890 7008 0
25891 7008 0
25893 7008 0
2590 7008 1
25906 7008 0
25907 7008 0
2591 7008 0
25915 7008 1
25920 7008 0
259217 7008 0
259266 7008 1
25932 7008 0
25937 7008 0
25941 7008 0
25948 7008 0
25959 7008 0
25963 7008 0
25966 7008 0
25972 7008 0
25978 7008 0
25980 7008 0
25984 7008 0
25994 7008 0
25996 7008 0
26 7008 0
26000 7008 0
26010 7008 1
26012 7008 0
26017 7008 0
26018 7008 0
26020 7008 0
26024 7008 0
260294 7008 0
26038 7008 0
26050 7008 0
26052 7008 0
26053 7008 1
26064 7008 0
26065 7008 0
26088 7008 0
26092 7008 0
26108 7008 0
26112 7008 0
26119 7008 0
26136 7008 0
26137 7008 1
26151 7008 0
26175 7008 0
2618 7008 0
2619 7008 0
262 7008 0
26227 7008 0
26228 7008 0
2623 7008 0
2625 7008 1
26253 7008 0
26268 7008 0
2627 7008 0
26271 7008 0
26275 7008 0
26279 7008 0
2628 7008 0
26280 7008 0
26286 7008 0
26292 7008 0
2631 7008 0
2633 7008 0
26355 7008 0
2643 7008 0
2644 7008 0
2647 7008 0
26471 7008 0
26472 7008 0
2649 7008 0
26499 7008 0
2650 7008 0
26511 7008 0
26519 7008 0
26521 7008 1
26523 7008 0
26528 7008 0
26548 7008 0
26574 7008 0
26576 7008 0
26580 7008 0
26585 7008 0
26586 7008 0
26608 7008 1
2662 7008 0
2665 7008 0
2669 7008 0
266977 7008 0
2670 7008 0
2673 7008 0
2674 7008 0
2675 7008 0
2678 7008 0
2688 7008 0
269 7008 0
26959 7008 0
2697 7008 0
26973 7008 0
26993 7008 0
26998 7008 0
26999 7008 0
270 7008 0
2700 7008 0
27000 7008 0
27010 7008 0
27013 7008 0
27018 7008 0
2702 7008 0
27030 7008 0
27044 7008 0
27063 7008 0
27069 7008 0
27071 7008 0
27075 7008 0
27090 7008 0
27097 7008 0
27123 7008 0
27132 7008 0
27136 7008 0
27161 7008 0
27163 7008 0
2717 7008 0
27178 7008 0
27181 7008 0
2719 7008 0
272 7008 0
2720 7008 0
27232 7008 0
27235 7008 0
27238 7008 0
27242 7008 0
27243 7008 0
27247 7008 0
27249 7008 0
27250 7008 0
27253 7008 0
27285 7008 0
27287 7008 0
2729 7008 0
27292 7008 0
2730 7008 0
2731 7008 1
27330 7008 0
27335 7008 0
27339 7008 0
27341 7008 0
27344 7008 0
27346 7008 0
27347 7008 0
2735 7008 1
27350 7008 0
2736 7008 0
2739 7008 0
27429 7008 0
27430 7008 0
27436 7008 0
27440 7008 0
27445 7008 0
2745 7008 1
2746 7008 0
2752 7008 0
2760 7008 0
2762 7008 0
2771 7008 0
2776 7008 0
2784 7008 0
2785 7008 0
2786 7008 0
2790 7008 0
2791 7008 0
28 7008 0
2803 7008 0
2804 7008 0
2805 7008 0
2811 7008 0
2814 7008 0
2815 7008 0
2821 7008 0
2823 7008 0
28231 7008 1
283459 7008 0
2835 7008 0
2838 7008 0
2840 7008 0
2841 7008 0
2843 7008 0
284352 7008 0
2845 7008 0
2846 7008 0
28513 7008 0
285231 7008 0
285527 7008 0
286 7008 0
286148 7008 0
286451 7008 0
2865 7008 0
2867 7008 0
2876 7008 1
2879 7008 0
2885 7008 0
2891 7008 0
28951 7008 0
28954 7008 0
28955 7008 0
28958 7008 0
28959 7008 0
2896 7008 0
28960 7008 0
28962 7008 0
28972 7008 0
28978 7008 0
28984 7008 0
28985 7008 0
28999 7008 0
29 7008 0
290 7008 0
2902 7008 0
29028 7008 0
29058 7008 0
2907 7008 0
29074 7008 0
2908 7008 0
29080 7008 0
29081 7008 0
29082 7008 0
29086 7008 0
29087 7008 0
29088 7008 1
29092 7008 0
29093 7008 0
29095 7008 0
29097 7008 0
29098 7008 0
291 7008 0
29100 7008 0
29102 7008 0
29103 7008 0
29105 7008 0
29107 7008 0
29109 7008 0
29110 7008 0
29114 7008 0
29116 7008 0
29119 7008 0
29121 7008 0
29125 7008 0
29127 7008 0
2915 7008 0
2916 7008 0
2918 7008 0
2919 7008 0
2920 7008 0
2921 7008 0
2934 7008 0
2937 7008 0
2941 7008 0
2944 7008 1
2946 7008 1
2948 7008 0
2950 7008 0
2953 7008 0
2957 7008 0
2965 7008 0
2968 7008 0
2971 7008 0
29767 7008 0
29775 7008 0
29796 7008 0
29802 7008 0
2981 7008 0
2987 7008 0
29880 7008 0
29887 7008 0
29889 7008 0
29895 7008 0
29896 7008 0
2990 7008 0
29901 7008 0
29902 7008 0
29907 7008 0
29916 7008 0
2992 7008 0
29922 7008 0
29927 7008 0
2993 7008 0
29933 7008 0
2994 7008 0
29940 7008 0
29943 7008 0
29949 7008 0
2995 7008 0
29957 7008 0
2996 7008 0
29968 7008 0
29969 7008 0
29980 7008 0
29984 7008 0
2999 7008 0
29994 7008 0
29995 7008 0
29997 7008 0
29999 7008 0
30 7008 0
30001 7008 0
30009 7008 0
3003 7008 0
3005 7008 1
3006 7008 0
3007 7008 0
3009 7008 0
3012 7008 0
3014 7008 0
3017 7008 0
302 7008 1
3021 7008 0
3026 7008 0
3032 7008 1
3035 7008 0
3037 7008 0
3045 7008 0
3052 7008 1
3059 7008 0
306 7008 0
3067 7008 0
3069 7008 1
307 7008 0
3073 7008 0
308 7008 1
3080 7008 0
30820 7008 0
30836 7008 0
30851 7008 0
3087 7008 0
3093 7008 0
3096 7008 0
3098 7008 1
310 7008 0
3106 7008 0
3107 7008 0
3108 7008 0
3109 7008 0
3113 7008 0
3115 7008 0
3117 7008 0
3119 7008 0
3120 7008 1
3122 7008 0
3123 7008 0
3134 7008 0
3145 7008 0
3146 7008 0
3149 7008 0
3155 7008 0
3156 7008 0
3157 7008 0
3162 7008 0
3163 7008 0
3164 7008 0
3181 7008 0
3182 7008 0
3185 7008 0
319 7008 0
3190 7008 0
3191 7008 0
3192 7008 0
3196 7008 0
3198 7008 0
3200 7008 0
3201 7008 0
3202 7008 0
3204 7008 0
3211 7008 0
3212 7008 0
3223 7008 0
3226 7008 0
3231 7008 0
3232 7008 0
3236 7008 0
3237 7008 0
3238 7008 0
3240 7008 1
3242 7008 0
3250 7008 1
3263 7008 0
3267 7008 0
327 7008 0
3275 7008 0
3276 7008 0
328 7008 0
3281 7008 0
3290 7008 0
3294 7008 0
3295 7008 1
330 7008 0
3301 7008 0
3312 7008 0
3313 7008 0
3315 7008 0
3320 7008 0
3321 7008 0
3336 7008 0
3337 7008 0
3339 7008 0
3352 7008 0
3359 7008 0
337 7008 0
3371 7008 0
3376 7008 0
3381 7008 0
3385 7008 0
3386 7008 0
339287 7008 0
3397 7008 0
340591 7008 0
341 7008 0
3416 7008 0
3417 7008 1
3419 7008 0
3421 7008 0
3422 7008 0
3423 7008 0
3426 7008 0
3430 7008 0
3433 7008 0
3434 7008 0
3437 7008 0
3448 7008 0
345 7008 0
3451 7008 0
3455 7008 0
3458 7008 1
3459 7008 0
3460 7008 0
3475 7008 0
347733 7008 0
347902 7008 0
348 7008 0
3482 7008 0
3485 7008 1
3486 7008 1
3487 7008 0
3488 7008 0
3489 7008 0
348995 7008 0
3490 7008 0
3491 7008 0
3512 7008 1
3516 7008 0
353514 7008 0
3547 7008 0
3550 7008 0
3552 7008 0
3553 7008 0
3554 7008 0
3561 7008 0
3565 7008 0
3568 7008 1
3569 7008 0
3576 7008 1
3577 7008 0
3581 7008 0
3592 7008 0
3593 7008 0
3595 7008 0
3598 7008 0
360 7008 0
3612 7008 0
3613 7008 0
3614 7008 0
3619 7008 0
3620 7008 0
3622 7008 0
3624 7008 0
3625 7008 0
3627 7008 1
3628 7008 0
3638 7008 0
3640 7008 0
3642 7008 0
3646 7008 0
3659 7008 0
3665 7008 0
3667 7008 0
3670 7008 0
3675 7008 0
3678 7008 0
3679 7008 1
3682 7008 0
3683 7008 0
3685 7008 0
3688 7008 0
3692 7008 0
3695 7008 0
3697 7008 0
37 7008 0
3703 7008 1
3707 7008 0
3709 7008 0
3718 7008 0
372 7008 0
3725 7008 0
3726 7008 0
3728 7008 0
3730 7008 0
373156 7008 0
3732 7008 0
374 7008 1
374868 7008 0
3753 7008 1
3754 7008 0
3758 7008 0
3761 7008 0
3762 7008 0
3766 7008 0
377 7008 0
3775 7008 0
3777 7008 0
3778 7008 1
3779 7008 0
379 7008 1
3790 7008 0
3792 7008 0
3796 7008 0
3802 7008 1
3803 7008 0
3804 7008 0
3805 7008 0
3806 7008 0
3808 7008 0
3809 7008 0
3810 7008 0
3811 7008 1
3813 7008 0
3818 7008 0
382 7008 0
383 7008 0
3834 7008 0
3842 7008 0
3845 7008 0
3849 7008 0
3850 7008 0
3868 7008 0
3872 7008 0
3880 7008 0
388677 7008 0
389 7008 0
3897 7008 0
39 7008 0
390 7008 0
3902 7008 0
3904 7008 0
3909 7008 0
391 7008 0
3911 7008 0
3913 7008 0
3914 7008 0
392 7008 0
3921 7008 0
3925 7008 0
3927 7008 0
3934 7008 0
3936 7008 0
3939 7008 1
3949 7008 1
3952 7008 0
3954 7008 0
3955 7008 0
3956 7008 1
3957 7008 0
3958 7008 1
396 7008 0
397 7008 0
3976 7008 0
3982 7008 1
3987 7008 0
3988 7008 1
3991 7008 0
3992 7008 1
3995 7008 0
4001 7008 1
4017 7008 0
402 7008 0
402055 7008 0
4023 7008 1
4043 7008 0
404672 7008 0
4047 7008 0
4048 7008 1
4052 7008 0
4057 7008 0
4058 7008 0
4060 7008 0
4061 7008 0
4062 7008 0
4065 7008 0
4066 7008 0
4069 7008 0
4071 7008 0
4072 7008 0
4074 7008 0
4076 7008 0
4081 7008 0
4082 7008 0
4085 7008 0
4086 7008 1
4092 7008 0
4093 7008 0
4110 7008 0
4118 7008 0
412 7008 1
4121 7008 0
4124 7008 0
4125 7008 0
4128 7008 1
4129 7008 0
4130 7008 0
4131 7008 0
4141 7008 0
4147 7008 0
4149 7008 0
416 7008 0
4174 7008 0
4189 7008 0
419 7008 0
4193 7008 0
4199 7008 1
4201 7008 0
421 7008 1
4210 7008 0
4233 7008 0
4236 7008 0
4237 7008 0
4240 7008 0
4241 7008 0
4242 7008 0
4247 7008 0
4255 7008 0
4256 7008 0
4258 7008 0
4259 7008 0
4267 7008 0
427 7008 0
4281 7008 0
4283 7008 0
4291 7008 1
4311 7008 1
4312 7008 0
4313 7008 0
4317 7008 0
4318 7008 0
4319 7008 0
4320 7008 0
4326 7008 0
4329 7008 0
433 7008 1
4340 7008 0
435 7008 0
4350 7008 0
4352 7008 0
4353 7008 0
4356 7008 0
4357 7008 0
4361 7008 0
4363 7008 0
43849 7008 0
439921 7008 0
440 7008 0
440026 7008 0
440270 7008 0
440738 7008 0
4430 7008 0
444 7008 0
4482 7008 0
4493 7008 1
4494 7008 1
4495 7008 0
4496 7008 0
4499 7008 0
4501 7008 0
4502 7008 0
4507 7008 0
4520 7008 0
4528 7008 0
4547 7008 0
4552 7008 0
4582 7008 0
4594 7008 0
4599 7008 0
4603 7008 1
4605 7008 1
4608 7008 0
4609 7008 0
4615 7008 0
4616 7008 0
4618 7008 0
4621 7008 0
4626 7008 0
4627 7008 0
4635 7008 0
4638 7008 0
4641 7008 0
4651 7008 0
4653 7008 0
4659 7008 0
4664 7008 0
4670 7008 0
4671 7008 1
4677 7008 0
4678 7008 0
4680 7008 0
4681 7008 0
4683 7008 0
4690 7008 0
4692 7008 0
4693 7008 0
4694 7008 0
4695 7008 0
4698 7008 0
47 7008 0
4700 7008 0
4701 7008 0
4702 7008 0
4705 7008 0
4707 7008 0
4708 7008 0
4709 7008 0
4710 7008 0
4712 7008 0
4713 7008 0
4714 7008 0
4717 7008 0
4718 7008 0
4720 7008 0
4723 7008 0
4724 7008 1
4726 7008 0
4729 7008 0
4736 7008 0
4738 7008 0
475 7008 0
4753 7008 0
4758 7008 0
476 7008 0
4762 7008 0
4772 7008 0
4775 7008 0
4781 7008 0
4784 7008 0
4790 7008 0
4792 7008 0
4794 7008 0
48 7008 0
4802 7008 0
4804 7008 0
4809 7008 0
481 7008 0
4814 7008 0
4817 7008 0
482 7008 0
4821 7008 0
4833 7008 0
4835 7008 0
4848 7008 0
4851 7008 0
4853 7008 0
4854 7008 0
486 7008 0
4860 7008 1
4861 7008 0
4864 7008 0
488 7008 0
4884 7008 0
4885 7008 0
4886 7008 0
4889 7008 0
4891 7008 0
4893 7008 0
4900 7008 0
4904 7008 0
4905 7008 0
4907 7008 0
4908 7008 0
4914 7008 1
4923 7008 1
4924 7008 0
4925 7008 0
4927 7008 0
4929 7008 0
493 7008 0
4938 7008 1
4939 7008 0
4940 7008 0
4942 7008 0
4968 7008 0
4973 7008 0
4975 7008 0
4976 7008 0
4978 7008 0
498 7008 0
4982 7008 0
4987 7008 0
4992 7008 0
4994 7008 0
5001 7008 0
5002 7008 0
5004 7008 0
5008 7008 0
5009 7008 0
501 7008 0
5010 7008 0
5019 7008 0
5021 7008 0
5023 7008 0
5026 7008 0
5033 7008 0
5034 7008 0
50486 7008 1
5050 7008 0
50515 7008 0
5052 7008 1
5054 7008 0
5055 7008 0
506 7008 1
5063 7008 0
50650 7008 0
5066 7008 0
5076 7008 0
5077 7008 0
5079 7008 0
50807 7008 0
50814 7008 0
50831 7008 0
50833 7008 0
50859 7008 0
50865 7008 1
5087 7008 0
5089 7008 0
5090 7008 0
5092 7008 0
5096 7008 0
5099 7008 0
51 7008 0
51001 7008 0
51008 7008 0
51009 7008 0
51011 7008 0
51012 7008 0
51014 7008 0
51021 7008 0
51022 7008 0
51024 7008 0
51025 7008 0
51029 7008 0
51030 7008 0
5104 7008 0
51042 7008 0
51046 7008 0
5105 7008 0
51056 7008 1
5106 7008 1
51070 7008 0
51071 7008 1
51073 7008 0
51074 7008 0
51075 7008 0
51079 7008 0
51082 7008 0
51083 7008 0
51084 7008 0
51090 7008 0
51092 7008 0
51096 7008 0
51097 7008 0
51098 7008 0
51103 7008 1
51106 7008 0
51107 7008 0
51108 7008 1
51109 7008 0
5111 7008 0
51110 7008 0
51115 7008 0
51116 7008 0
51121 7008 1
51123 7008 0
51128 7008 0
51129 7008 0
51131 7008 0
51133 7008 1
51143 7008 0
51150 7008 0
51154 7008 0
51155 7008 0
51156 7008 0
51160 7008 0
51170 7008 0
51176 7008 0
51181 7008 0
51182 7008 0
51185 7008 0
51186 7008 0
51187 7008 0
51191 7008 0
51192 7008 0
51202 7008 0
51204 7008 0
51206 7008 0
51226 7008 0
51227 7008 0
51228 7008 0
51237 7008 1
51257 7008 0
51266 7008 1
51278 7008 0
51280 7008 0
51282 7008 0
51286 7008 0
51290 7008 0
51293 7008 0
513 7008 0
51303 7008 0
51309 7008 0
51314 7008 0
51315 7008 0
51316 7008 0
51318 7008 0
51320 7008 0
51321 7008 0
51322 7008 0
51324 7008 0
51327 7008 0
5133 7008 0
51330 7008 0
51333 7008 0
51335 7008 0
51347 7008 0
51348 7008 0
51364 7008 0
51367 7008 0
51371 7008 1
51372 7008 0
51374 7008 0
51375 7008 0
51377 7008 0
51379 7008 0
51382 7008 0
51386 7008 0
51388 7008 0
51398 7008 0
51399 7008 0
51406 7008 0
5142 7008 0
51421 7008 0
51422 7008 0
5143 7008 0
51439 7008 0
51440 7008 0
51441 7008 0
51449 7008 0
51454 7008 0
51460 7008 0
51471 7008 0
51474 7008 0
51477 7008 0
51491 7008 0
51493 7008 0
51495 7008 0
51499 7008 0
515 7008 1
51501 7008 0
51506 7008 0
51507 7008 0
5151 7008 0
51513 7008 0
5153 7008 0
5154 7008 0
51559 7008 0
5156 7008 0
51566 7008 0
51567 7008 0
51569 7008 0
5158 7008 0
51594 7008 0
51596 7008 0
51599 7008 0
51604 7008 0
51606 7008 0
5162 7008 0
5163 7008 0
51631 7008 0
51634 7008 0
51635 7008 0
51646 7008 0
51647 7008 0
51651 7008 0
51652 7008 0
5166 7008 0
51660 7008 0
51666 7008 0
51678 7008 1
51693 7008 0
51696 7008 0
517 7008 0
51702 7008 0
51703 7008 0
51704 7008 0
51706 7008 0
51714 7008 0
51719 7008 0
51720 7008 0
51725 7008 0
51728 7008 0
51729 7008 0
51733 7008 0
51734 7008 0
5174 7008 0
51742 7008 0
51752 7008 0
5176 7008 0
51761 7008 0
51765 7008 0
51768 7008 0
5178 7008 0
5179 7008 0
51806 7008 0
51809 7008 0
5184 7008 0
5187 7008 0
5196 7008 0
5197 7008 0
5198 7008 0
5202 7008 0
5203 7008 0
5204 7008 0
5205 7008 0
5208 7008 0
5209 7008 0
5210 7008 0
5214 7008 0
5216 7008 0
5228 7008 0
523 7008 0
5230 7008 0
525 7008 0
5250 7008 0
5255 7008 0
526 7008 0
5264 7008 0
5265 7008 0
5266 7008 0
5268 7008 0
5269 7008 0
527 7008 0
5270 7008 0
5272 7008 0
5276 7008 0
5279 7008 0
5287 7008 0
5288 7008 0
529 7008 0
5291 7008 0
5293 7008 0
5295 7008 0
53 7008 0
5300 7008 0
5306 7008 0
5311 7008 0
5315 7008 1
5325 7008 0
5328 7008 0
5329 7008 0
5330 7008 0
53371 7008 0
534 7008 0
53407 7008 0
5347 7008 1
5349 7008 0
5351 7008 0
5352 7008 0
5355 7008 1
5358 7008 0
5359 7008 0
5360 7008 0
5361 7008 0
5365 7008 0
5367 7008 0
5376 7008 0
53822 7008 0
53827 7008 0
53838 7008 0
539 7008 0
5393 7008 0
54039 7008 0
54069 7008 0
5414 7008 0
54187 7008 0
5420 7008 0
54207 7008 0
54221 7008 0
5425 7008 0
5431 7008 0
5434 7008 0
5435 7008 0
54360 7008 0
5437 7008 0
54386 7008 0
5440 7008 0
5441 7008 0
54413 7008 0
5443 7008 0
54431 7008 0
54433 7008 0
54434 7008 0
5445 7008 0
54453 7008 0
5446 7008 0
54468 7008 0
54469 7008 0
5447 7008 0
54470 7008 0
54477 7008 0
54499 7008 0
54502 7008 0
54507 7008 0
54509 7008 0
54512 7008 0
54516 7008 0
54517 7008 0
5452 7008 0
5453 7008 0
54531 7008 0
54532 7008 0
54537 7008 0
5454 7008 0
54541 7008 1
5456 7008 0
5457 7008 0
54584 7008 0
54587 7008 0
5462 7008 0
5464 7008 0
54663 7008 0
54664 7008 0
54665 7008 0
54676 7008 0
54677 7008 0
54681 7008 0
54704 7008 0
5471 7008 0
54715 7008 0
5473 7008 0
54732 7008 0
54733 7008 0
54738 7008 0
54739 7008 0
5475 7008 0
5476 7008 0
54766 7008 0
54769 7008 0
5480 7008 0
54807 7008 0
5481 7008 0
54829 7008 0
54832 7008 0
54838 7008 0
54840 7008 0
54845 7008 0
54851 7008 0
54852 7008 0
54855 7008 0
54861 7008 0
54867 7008 0
54874 7008 0
54877 7008 0
54880 7008 0
54881 7008 0
54884 7008 0
54892 7008 0
54893 7008 0
549 7008 0
54906 7008 0
54908 7008 0
54910 7008 1
54913 7008 0
54914 7008 0
54915 7008 0
54918 7008 0
54929 7008 0
54930 7008 0
54937 7008 0
54939 7008 0
5494 7008 0
54942 7008 0
54957 7008 0
54958 7008 0
54962 7008 0
54968 7008 0
54969 7008 0
54971 7008 0
54977 7008 0
54979 7008 0
54981 7008 0
5499 7008 0
54997 7008 0
54998 7008 0
55003 7008 0
55005 7008 0
55008 7008 0
5501 7008 0
55011 7008 0
55013 7008 0
55023 7008 0
55024 7008 0
55033 7008 0
55034 7008 0
55038 7008 0
55048 7008 0
55051 7008 0
55052 7008 0
55055 7008 0
55062 7008 0
55068 7008 0
55069 7008 0
55076 7008 1
55081 7008 0
55083 7008 0
55084 7008 0
55090 7008 0
5510 7008 0
55101 7008 0
55108 7008 0
5511 7008 0
55110 7008 0
55113 7008 0
55127 7008 0
55140 7008 0
55142 7008 0
55146 7008 0
55148 7008 0
55151 7008 0
55153 7008 0
55156 7008 0
55163 7008 0
55173 7008 0
55178 7008 0
55186 7008 0
5519 7008 0
55198 7008 0
5520 7008 0
55203 7008 0
55205 7008 0
55207 7008 0
55209 7008 0
5521 7008 0
55211 7008 0
55214 7008 0
55222 7008 0
55237 7008 0
55240 7008 1
55244 7008 0
55251 7008 0
55252 7008 0
55255 7008 0
55268 7008 0
55269 7008 0
5527 7008 0
55270 7008 0
55272 7008 0
55273 7008 0
55278 7008 0
5528 7008 0
55288 7008 0
5529 7008 0
55291 7008 0
55298 7008 0
5532 7008 0
55322 7008 0
55323 7008 0
55325 7008 0
55326 7008 0
55328 7008 0
55332 7008 0
55337 7008 0
55347 7008 0
55365 7008 0
5537 7008 0
5538 7008 1
55450 7008 1
55454 7008 0
5547 7008 0
55486 7008 0
5550 7008 0
55505 7008 0
55510 7008 0
55515 7008 0
5552 7008 0
5553 7008 0
55567 7008 0
5557 7008 0
55576 7008 0
55577 7008 0
5558 7008 0
55596 7008 0
55601 7008 0
55603 7008 0
55608 7008 0
55612 7008 0
55623 7008 0
55625 7008 0
55631 7008 0
55636 7008 0
55638 7008 0
55655 7008 0
55660 7008 0
5567 7008 0
55670 7008 0
55686 7008 0
55695 7008 0
55696 7008 0
55699 7008 0
55706 7008 0
55707 7008 0
5571 7008 0
55711 7008 0
55717 7008 0
55720 7008 0
55722 7008 0
55723 7008 0
55727 7008 0
55734 7008 0
55737 7008 0
55740 7008 0
55746 7008 0
55748 7008 0
55750 7008 0
55755 7008 0
5576 7008 0
55761 7008 0
55765 7008 0
5577 7008 0
55771 7008 1
55788 7008 0
55790 7008 0
55791 7008 0
55793 7008 0
558 7008 0
55802 7008 0
55813 7008 0
55819 7008 0
55830 7008 0
55832 7008 0
55839 7008 0
55840 7008 1
55847 7008 0
55852 7008 1
55856 7008 0
55860 7008 0
55863 7008 0
55884 7008 0
55885 7008 0
5589 7008 0
55893 7008 0
55905 7008 0
55907 7008 0
5591 7008 0
55916 7008 0
55930 7008 0
55937 7008 0
55958 7008 0
55966 7008 0
5597 7008 1
55974 7008 0
5600 7008 0
56000 7008 0
5604 7008 0
5605 7008 0
56062 7008 0
5610 7008 0
5612 7008 0
56125 7008 0
56132 7008 0
56171 7008 0
5621 7008 0
5623 7008 0
5627 7008 0
56271 7008 0
56300 7008 0
56301 7008 0
5631 7008 0
5634 7008 0
56344 7008 0
5641 7008 0
5646 7008 0
5648 7008 0
56521 7008 0
5654 7008 1
5657 7008 0
566 7008 0
56616 7008 0
5663 7008 0
56647 7008 0
56650 7008 0
56654 7008 0
56659 7008 1
56660 7008 0
56667 7008 0
56674 7008 0
56683 7008 0
5669 7008 0
567 7008 0
5670 7008 0
5672 7008 0
56729 7008 0
5673 7008 0
5675 7008 0
5676 7008 0
5678 7008 0
56829 7008 0
5683 7008 0
5685 7008 0
56851 7008 0
5687 7008 0
5688 7008 0
56889 7008 0
5689 7008 0
56892 7008 0
56898 7008 0
5690 7008 1
56901 7008 0
56910 7008 0
56913 7008 0
56925 7008 0
56926 7008 0
5693 7008 0
56935 7008 0
56937 7008 0
56940 7008 0
56942 7008 0
56944 7008 0
5695 7008 1
56951 7008 0
56953 7008 0
56954 7008 0
5696 7008 0
56978 7008 1
5698 7008 0
56980 7008 0
56984 7008 0
5699 7008 0
56993 7008 0
56994 7008 0
5700 7008 0
57007 7008 0
5701 7008 0
57016 7008 0
57018 7008 0
57019 7008 0
57030 7008 0
57037 7008 0
5704 7008 0
5705 7008 0
5708 7008 0
5709 7008 0
57091 7008 0
57092 7008 0
57097 7008 0
571 7008 0
5710 7008 0
57101 7008 0
57103 7008 0
57111 7008 0
57116 7008 0
57118 7008 0
57124 7008 0
57126 7008 0
5713 7008 0
57130 7008 0
57136 7008 0
5714 7008 0
57146 7008 0
5716 7008 0
57162 7008 0
5717 7008 0
57172 7008 0
5718 7008 0
5719 7008 0
57194 7008 0
5720 7008 0
5721 7008 0
57211 7008 0
57214 7008 0
57228 7008 0
5727 7008 1
5728 7008 0
5729 7008 1
57292 7008 0
573 7008 0
5730 7008 0
5731 7008 0
5732 7008 0
57335 7008 0
57338 7008 0
5734 7008 0
57379 7008 0
5739 7008 0
57396 7008 0
57402 7008 0
57403 7008 0
57418 7008 0
5742 7008 0
5743 7008 1
5744 7008 0
5745 7008 0
5746 7008 0
5747 7008 0
57470 7008 0
57472 7008 0
57476 7008 0
575 7008 0
57515 7008 0
57538 7008 0
5756 7008 0
57573 7008 0
57576 7008 0
57596 7008 1
57615 7008 0
5763 7008 0
5764 7008 0
57645 7008 0
57658 7008 0
57669 7008 0
5768 7008 0
5771 7008 0
57718 7008 0
57733 7008 0
5775 7008 0
57761 7008 0
5778 7008 0
57795 7008 0
57799 7008 0
57804 7008 0
5782 7008 0
57820 7008 0
5792 7008 0
5795 7008 0
5796 7008 0
5798 7008 0
5802 7008 1
5805 7008 0
5806 7008 0
581 7008 0
5810 7008 0
5813 7008 0
58155 7008 0
58157 7008 0
5816 7008 0
5822 7008 0
5825 7008 0
5827 7008 0
5831 7008 1
5832 7008 0
5836 7008 0
58472 7008 1
58477 7008 0
58486 7008 0
58488 7008 0
58511 7008 0
58517 7008 0
58529 7008 0
5858 7008 1
5859 7008 0
5860 7008 0
5861 7008 0
5862 7008 0
5863 7008 0
5864 7008 0
5872 7008 1
5880 7008 0
5885 7008 0
5896 7008 0
5897 7008 0
58986 7008 0
5899 7008 0
59 7008 0
5902 7008 0
5906 7008 0
5908 7008 0
5910 7008 0
5912 7008 0
5917 7008 0
5920 7008 0
5921 7008 0
5923 7008 0
5925 7008 0
59269 7008 0
59286 7008 0
593 7008 0
5932 7008 1
59336 7008 0
5934 7008 0
59340 7008 1
59341 7008 0
59342 7008 1
5937 7008 0
5947 7008 0
595 7008 0
5950 7008 0
5954 7008 0
5965 7008 0
5966 7008 0
597 7008 0
5980 7008 0
5982 7008 0
5983 7008 0
599 7008 0
5990 7008 0
5997 7008 0
5998 7008 0
6000 7008 0
6005 7008 0
6006 7008 0
6007 7008 0
6009 7008 0
6015 7008 0
6016 7008 0
60314 7008 0
6035 7008 1
6036 7008 1
6037 7008 1
6038 7008 0
604 7008 0
6047 7008 0
60481 7008 0
60485 7008 0
60490 7008 0
60493 7008 0
60494 7008 0
60506 7008 0
6051 7008 0
60560 7008 0
60673 7008 0
6093 7008 0
6096 7008 0
6118 7008 0
6122 7008 0
6124 7008 0
6129 7008 0
6132 7008 0
6136 7008 0
6137 7008 0
6138 7008 0
6139 7008 0
6152 7008 0
6154 7008 0
6159 7008 0
6164 7008 0
6166 7008 0
617 7008 0
6173 7008 0
6175 7008 0
6176 7008 0
6182 7008 1
6184 7008 0
6187 7008 0
6188 7008 0
6191 7008 0
6193 7008 0
6196 7008 0
6197 7008 0
6201 7008 0
6202 7008 0
6206 7008 0
6209 7008 0
6210 7008 0
6222 7008 0
6223 7008 0
6224 7008 0
6227 7008 0
6229 7008 0
623 7008 0
6231 7008 0
6232 7008 0
6237 7008 1
6238 7008 0
6241 7008 1
6251 7008 0
6263 7008 0
6271 7008 0
6273 7008 0
6275 7008 0
6276 7008 0
6280 7008 0
6281 7008 0
6283 7008 0
6284 7008 0
6285 7008 0
6286 7008 0
629 7008 0
6301 7008 0
6303 7008 0
63035 7008 0
6307 7008 0
6309 7008 0
631 7008 0
6310 7008 0
6314 7008 0
6317 7008 0
6319 7008 1
6324 7008 0
6327 7008 0
6328 7008 0
6329 7008 0
633 7008 0
6331 7008 0
6332 7008 0
6334 7008 0
6337 7008 0
6346 7008 0
6347 7008 0
6354 7008 0
6356 7008 0
6360 7008 0
6361 7008 0
6362 7008 0
6363 7008 0
6364 7008 0
637 7008 0
6382 7008 1
6385 7008 1
6386 7008 0
63875 7008 0
639 7008 1
6391 7008 0
63917 7008 0
6392 7008 1
63924 7008 0
63931 7008 0
6396 7008 0
63967 7008 1
63974 7008 0
6400 7008 0
6405 7008 0
6406 7008 0
64066 7008 0
64067 7008 0
64078 7008 0
64081 7008 0
64084 7008 0
64102 7008 0
64114 7008 0
64116 7008 0
64121 7008 0
64131 7008 0
64132 7008 0
641339 7008 0
64175 7008 0
6418 7008 0
64180 7008 0
642 7008 0
6421 7008 0
64216 7008 0
64219 7008 0
6422 7008 0
64220 7008 0
64222 7008 0
64236 7008 0
6424 7008 0
64240 7008 0
6426 7008 0
6429 7008 0
64318 7008 0
64359 7008 0
64386 7008 0
644 7008 1
6441 7008 0
64410 7008 0
6442 7008 0
64421 7008 0
64422 7008 0
64425 7008 0
64431 7008 0
64446 7008 0
6449 7008 0
64499 7008 0
645 7008 0
6452 7008 0
6455 7008 0
645745 7008 0
64582 7008 0
6462 7008 0
64710 7008 0
6472 7008 0
64747 7008 0
64750 7008 0
64759 7008 0
64761 7008 0
64764 7008 0
64769 7008 0
64777 7008 0
64778 7008 0
64782 7008 0
64784 7008 0
648 7008 0
6480 7008 0
6482 7008 0
64834 7008 0
64847 7008 0
64849 7008 0
64850 7008 0
64852 7008 0
64853 7008 0
64854 7008 0
64897 7008 0
64901 7008 0
64943 7008 1
6496 7008 0
64960 7008 0
64981 7008 0
6500 7008 0
65003 7008 0
65005 7008 0
6502 7008 0
65057 7008 0
6507 7008 1
65084 7008 0
6509 7008 0
6510 7008 1
65109 7008 0
6512 7008 1
65124 7008 0
6518 7008 0
6520 7008 0
6521 7008 0
65243 7008 0
65244 7008 0
6525 7008 1
6526 7008 0
65264 7008 0
6529 7008 0
653 7008 0
6530 7008 0
6532 7008 0
6535 7008 0
653784 7008 0
6538 7008 0
6540 7008 0
6542 7008 0
6553 7008 0
6558 7008 0
6559 7008 0
6563 7008 0
6564 7008 0
6568 7008 0
6571 7008 0
6574 7008 0
6576 7008 0
6585 7008 0
6590 7008 0
6595 7008 0
6596 7008 0
65979 7008 0
6598 7008 0
65981 7008 0
65983 7008 0
65988 7008 0
65993 7008 0
65998 7008 0
661 7008 0
6611 7008 0
6612 7008 0
6613 7008 0
6615 7008 0
6616 7008 0
6620 7008 0
6623 7008 0
6624 7008 0
6625 7008 0
6627 7008 0
663 7008 0
6632 7008 0
6634 7008 0
6635 7008 0
664 7008 0
6642 7008 0
6643 7008 0
6646 7008 0
6648 7008 0
665 7008 0
6652 7008 0
6653 7008 0
6659 7008 0
6662 7008 0
667 7008 0
6670 7008 0
6671 7008 0
6675 7008 0
6676 7008 0
6678 7008 0
668 7008 0
6691 7008 0
6695 7008 0
671 7008 0
6713 7008 0
6716 7008 0
6717 7008 0
6718 7008 0
6726 7008 0
6727 7008 0
6728 7008 0
6729 7008 0
673 7008 0
6731 7008 0
6737 7008 0
6742 7008 0
6747 7008 0
6764 7008 0
6767 7008 0
6770 7008 0
6774 7008 0
6775 7008 0
6780 7008 0
6781 7008 0
6782 7008 0
6799 7008 0
6804 7008 0
6810 7008 0
6812 7008 0
6817 7008 1
6827 7008 0
6834 7008 0
684 7008 0
6845 7008 0
6853 7008 0
6854 7008 1
6856 7008 0
6861 7008 0
6868 7008 0
687 7008 0
6871 7008 0
6873 7008 0
6876 7008 0
6888 7008 0
689 7008 0
6890 7008 0
6892 7008 0
6905 7008 0
6916 7008 0
6917 7008 0
6921 7008 0
6929 7008 0
6938 7008 0
694 7008 0
6945 7008 0
6947 7008 1
6950 7008 0
6954 7008 0
6993 7008 0
6996 7008 0
7011 7008 0
7018 7008 0
7019 7008 0
7020 7008 0
7021 7008 0
7026 7008 0
7027 7008 0
7029 7008 1
7036 7008 0
7037 7008 0
7040 7008 0
7045 7008 0
7048 7008 0
7049 7008 1
7050 7008 0
7051 7008 0
7053 7008 0
7058 7008 0
7066 7008 0
7068 7008 0
7071 7008 0
7072 7008 0
7073 7008 0
7076 7008 1
7078 7008 0
7079 7008 1
7080 7008 0
7082 7008 0
7087 7008 1
7088 7008 0
7091 7008 0
7094 7008 0
7095 7008 0
7101 7008 0
7104 7008 0
7106 7008 0
7107 7008 0
7112 7008 0
712 7008 1
7124 7008 0
7126 7008 0
7127 7008 0
7128 7008 0
713 7008 1
7134 7008 0
7135 7008 0
7136 7008 0
7140 7008 0
7148 7008 0
715 7008 0
7150 7008 0
716 7008 0
7161 7008 0
7164 7008 0
7165 7008 0
7167 7008 1
7168 7008 0
7169 7008 1
7170 7008 0
7171 7008 0
7175 7008 0
718 7008 0
7180 7008 0
7184 7008 0
7203 7008 0
7205 7008 0
7222 7008 0
7225 7008 0
7226 7008 1
7252 7008 0
7253 7008 0
7259 7008 1
7262 7008 0
7266 7008 0
727 7008 1
7273 7008 0
7274 7008 0
7280 7008 0
7284 7008 0
728498 7008 0
728642 7008 0
728661 7008 0
729 7008 0
7292 7008 0
7293 7008 0
7294 7008 0
7295 7008 0
7298 7008 1
730 7008 0
731 7008 0
7317 7008 0
7319 7008 0
732 7008 0
7323 7008 0
7324 7008 0
7334 7008 0
7341 7008 0
7347 7008 0
7348 7008 0
7349 7008 0
7351 7008 0
7352 7008 0
7353 7008 0
7357 7008 0
7358 7008 0
7363 7008 0
7371 7008 0
7378 7008 0
738 7008 0
7384 7008 0
7386 7008 0
7389 7008 0
7390 7008 0
740 7008 0
7405 7008 0
7408 7008 0
7414 7008 0
7415 7008 0
7416 7008 1
7419 7008 0
7424 7008 0
7429 7008 0
7431 7008 0
7432 7008 0
7434 7008 0
7436 7008 0
7442 7008 0
7443 7008 0
7448 7008 0
7453 7008 0
7458 7008 0
746 7008 0
7465 7008 0
747 7008 0
7474 7008 0
7481 7008 0
7490 7008 0
7512 7008 0
7514 7008 0
7520 7008 0
752014 7008 0
7525 7008 1
7529 7008 0
7531 7008 0
7535 7008 0
7538 7008 0
7555 7008 0
7570 7008 0
7586 7008 0
760 7008 0
761 7008 0
7625 7008 0
7644 7008 1
767 7008 0
7690 7008 0
7704 7008 0
771 7008 0
7710 7008 0
7716 7008 0
773 7008 0
7743 7008 0
7755 7008 0
7764 7008 0
7779 7008 0
7781 7008 0
7782 7008 1
7791 7008 0
7805 7008 0
7812 7008 0
7832 7008 0
7844 7008 0
7846 7008 0
785 7008 0
7851 7008 0
7855 7008 1
7857 7008 0
7866 7008 0
7867 7008 0
7873 7008 0
7874 7008 0
7879 7008 0
7884 7008 0
78988 7008 0
78989 7008 0
78990 7008 0
78994 7008 0
78996 7008 0
78997 7008 0
790 7008 0
79003 7008 0
79004 7008 0
79012 7008 0
79037 7008 0
7905 7008 0
79053 7008 0
79064 7008 0
79072 7008 0
79073 7008 0
79080 7008 0
79081 7008 0
79094 7008 0
79096 7008 0
79101 7008 0
79109 7008 0
7913 7008 0
79132 7008 0
79135 7008 0
79144 7008 0
79149 7008 0
79155 7008 0
79172 7008 0
79174 7008 0
79180 7008 0
79188 7008 0
7932 7008 0
7936 7008 0
79368 7008 0
79446 7008 0
79572 7008 0
79581 7008 0
79589 7008 0
79590 7008 0
79602 7008 0
79608 7008 0
79624 7008 0
79625 7008 0
79645 7008 0
79646 7008 0
79647 7008 0
79661 7008 0
79665 7008 0
79666 7008 0
79675 7008 0
79677 7008 0
79680 7008 0
79695 7008 0
79698 7008 0
79701 7008 0
79711 7008 0
79712 7008 0
79713 7008 0
79722 7008 0
79730 7008 0
79740 7008 0
79758 7008 0
79762 7008 1
79763 7008 0
79770 7008 0
79772 7008 0
7979 7008 0
79797 7008 0
7980 7008 0
79801 7008 1
79807 7008 0
79819 7008 0
79822 7008 0
79823 7008 0
79832 7008 0
79833 7008 0
79834 7008 0
79867 7008 0
79876 7008 0
79877 7008 0
79891 7008 0
79895 7008 0
79902 7008 0
79905 7008 0
79906 7008 0
7991 7008 0
79921 7008 0
79927 7008 0
7993 7008 0
79931 7008 0
79935 7008 0
79939 7008 0
7994 7008 0
79940 7008 0
79948 7008 0
79957 7008 0
79960 7008 0
79979 7008 0
79982 7008 0
8000 7008 0
80010 7008 1
80011 7008 0
80013 7008 0
80020 7008 0
80045 7008 0
80086 7008 0
80097 7008 0
801 7008 0
80122 7008 0
80125 7008 0
8013 7008 0
80133 7008 0
80150 7008 0
80162 7008 0
8019 7008 0
80194 7008 0
80208 7008 0
80218 7008 0
80219 7008 0
80221 7008 0
80223 7008 0
80230 7008 0
80258 7008 0
80273 7008 0
80279 7008 0
80303 7008 0
80306 7008 0
80308 7008 0
80310 7008 1
80316 7008 0
80339 7008 0
80347 7008 0
80349 7008 0
8036 7008 0
80739 7008 0
80740 7008 0
80741 7008 0
80781 7008 1
8079 7008 0
80853 7008 0
8091 7008 0
8099 7008 0
81027 7008 0
81031 7008 0
81035 7008 0
8111 7008 1
8125 7008 0
8140 7008 0
8148 7008 0
81490 7008 0
81491 7008 0
81494 7008 0
81533 7008 0
81539 7008 0
81542 7008 0
81544 7008 0
81555 7008 0
81556 7008 0
81575 7008 0
81578 7008 0
81605 7008 0
81606 7008 0
81609 7008 0
81618 7008 0
81619 7008 0
81621 7008 0
8165 7008 0
81689 7008 0
818 7008 0
81831 7008 1
81848 7008 0
81853 7008 0
81857 7008 0
81887 7008 0
81892 7008 0
81894 7008 0
81926 7008 0
81929 7008 0
8193 7008 0
820 7008 1
8200 7008 0
8204 7008 1
8209 7008 0
821 7008 0
822 7008 1
8220 7008 0
8227 7008 0
8237 7008 0
826 7008 1
8260 7008 0
8277 7008 0
8289 7008 0
830 7008 0
8302 7008 0
8303 7008 0
832 7008 0
8326 7008 0
8328 7008 0
8332 7008 0
8335 7008 0
8336 7008 0
8337 7008 0
8339 7008 0
83443 7008 0
83449 7008 0
8345 7008 0
8347 7008 0
8352 7008 0
8354 7008 0
8355 7008 0
8357 7008 0
836 7008 0
8360 7008 0
8363 7008 0
8364 7008 0
8365 7008 0
83658 7008 0
8372 7008 0
83729 7008 0
8379 7008 0
83869 7008 0
840 7008 0
84034 7008 0
8404 7008 0
8409 7008 0
8412 7008 0
84148 7008 0
84159 7008 0
84187 7008 0
84223 7008 0
8428 7008 0
84296 7008 0
84316 7008 0
8434 7008 0
8439 7008 0
8443 7008 0
84436 7008 0
8446 7008 0
8448 7008 0
8450 7008 0
8451 7008 0
8452 7008 0
84525 7008 0
8458 7008 0
8459 7008 0
8460 7008 1
84631 7008 0
84658 7008 0
84669 7008 0
8467 7008 0
847 7008 1
8470 7008 0
84705 7008 0
84726 7008 0
8473 7008 0
84759 7008 0
8476 7008 1
8481 7008 0
8482 7008 0
84823 7008 0
84864 7008 0
84890 7008 0
8490 7008 0
84901 7008 0
84909 7008 0
84951 7008 0
84981 7008 0
8499 7008 0
8503 7008 0
8508 7008 0
8515 7008 0
8516 7008 0
8519 7008 0
8527 7008 0
8531 7008 0
8534 7008 0
85377 7008 0
8539 7008 0
8540 7008 0
8544 7008 0
85446 7008 0
85452 7008 0
85458 7008 0
8547 7008 0
85477 7008 0
8553 7008 0
8559 7008 0
8560 7008 0
8562 7008 0
8565 7008 0
8566 7008 0
8570 7008 0
8574 7008 0
86 7008 0
8609 7008 0
8611 7008 0
8613 7008 0
8614 7008 0
863 7008 0
8630 7008 0
8633 7008 0
8636 7008 0
8638 7008 0
8644 7008 1
8649 7008 0
8655 7008 1
866 7008 0
8664 7008 0
8665 7008 0
8666 7008 0
8667 7008 0
8668 7008 0
8675 7008 0
8677 7008 0
8697 7008 0
8698 7008 0
8703 7008 0
871 7008 0
8721 7008 0
8723 7008 0
8724 7008 1
8726 7008 0
8727 7008 0
8728 7008 0
873 7008 1
8733 7008 0
8735 7008 0
8736 7008 0
8739 7008 0
874 7008 0
8741 7008 0
8743 7008 1
875 7008 0
8754 7008 1
8760 7008 0
8761 7008 0
8767 7008 0
8776 7008 0
8778 7008 0
8802 7008 0
8803 7008 0
8805 7008 0
8813 7008 0
8814 7008 0
8815 7008 0
8819 7008 1
8820 7008 0
8834 7008 0
8835 7008 0
8836 7008 1
8853 7008 0
8854 7008 0
8857 7008 0
8858 7008 0
8863 7008 1
887 7008 0
8870 7008 0
8877 7008 0
8879 7008 0
8881 7008 0
8883 7008 0
8884 7008 0
8886 7008 0
8890 7008 0
8891 7008 0
8892 7008 0
8895 7008 0
8896 7008 0
8899 7008 0
89 7008 0
8900 7008 0
8905 7008 0
8910 7008 0
8912 7008 0
8913 7008 0
8915 7008 0
892 7008 0
8928 7008 0
8930 7008 0
8932 7008 0
8934 7008 0
8935 7008 0
894 7008 0
8941 7008 0
8942 7008 0
8945 7008 0
896 7008 0
8968 7008 0
8970 7008 0
8971 7008 1
8973 7008 0
8985 7008 0
89874 7008 0
8991 7008 0
8992 7008 0
89927 7008 1
8993 7008 0
8995 7008 0
8997 7008 0
9 7008 0
90 7008 0
900 7008 0
90141 7008 0
9019 7008 0
902 7008 0
9021 7008 0
9023 7008 0
90273 7008 0
90338 7008 0
90355 7008 1
9039 7008 0
9040 7008 0
90411 7008 0
9044 7008 0
9045 7008 0
9046 7008 0
90480 7008 0
90485 7008 0
9050 7008 0
9051 7008 0
9052 7008 0
9055 7008 0
9057 7008 0
9061 7008 1
9071 7008 0
9076 7008 0
9077 7008 0
909 7008 1
9098 7008 0
9099 7008 0
90993 7008 0
910 7008 0
911 7008 0
9118 7008 0
912 7008 0
9120 7008 0
9122 7008 0
9123 7008 0
9124 7008 0
9126 7008 0
9128 7008 0
913 7008 0
91300 7008 0
9131 7008 0
91316 7008 0
9133 7008 1
91369 7008 0
9141 7008 0
91442 7008 0
9154 7008 0
91543 7008 0
9158 7008 0
916 7008 0
9167 7008 0
9172 7008 0
91746 7008 0
91782 7008 0
91860 7008 0
9188 7008 0
9191 7008 0
9194 7008 0
9200 7008 0
921 7008 0
9217 7008 0
9218 7008 0
9219 7008 0
9221 7008 0
9223 7008 0
9229 7008 0
9231 7008 0
9232 7008 0
92346 7008 0
9235 7008 0
9240 7008 0
9244 7008 0
9245 7008 0
9246 7008 0
9249 7008 0
925 7008 0
9255 7008 0
9256 7008 1
92579 7008 1
9258 7008 0
9261 7008 0
9266 7008 0
9275 7008 0
9284 7008 0
92856 7008 0
9287 7008 0
929 7008 0
9296 7008 1
930 7008 0
9308 7008 0
93081 7008 0
931 7008 0
9314 7008 0
9315 7008 1
9318 7008 0
932 7008 0
9324 7008 0
9325 7008 0
9326 7008 0
9340 7008 0
9342 7008 0
9348 7008 0
9349 7008 0
9350 7008 0
9352 7008 0
9353 7008 0
9354 7008 0
9361 7008 0
9367 7008 0
9368 7008 0
9369 7008 0
9370 7008 0
9371 7008 0
9372 7008 0
9375 7008 0
9381 7008 1
939 7008 0
9398 7008 0
9403 7008 0
9407 7008 0
94081 7008 0
9410 7008 0
9411 7008 1
9414 7008 0
9415 7008 0
9425 7008 0
9429 7008 0
943 7008 0
9435 7008 0
9437 7008 0
944 7008 0
9445 7008 0
9446 7008 1
9447 7008 0
9451 7008 0
946 7008 0
9464 7008 0
9465 7008 0
9467 7008 0
9468 7008 0
9477 7008 0
9478 7008 0
948 7008 0
949 7008 0
9491 7008 0
9495 7008 1
950 7008 1
9500 7008 0
9510 7008 1
9516 7008 0
9521 7008 0
9524 7008 0
9525 7008 0
9526 7008 1
9538 7008 0
9540 7008 1
9550 7008 0
9551 7008 0
9553 7008 0
9554 7008 0
9559 7008 0
9568 7008 0
9577 7008 0
9581 7008 0
9582 7008 0
9583 7008 0
9586 7008 0
9588 7008 0
9589 7008 0
9590 7008 1
9601 7008 0
9603 7008 0
9604 7008 0
961 7008 0
9611 7008 0
963 7008 0
9631 7008 0
9635 7008 0
9636 7008 0
9645 7008 0
9646 7008 0
9650 7008 0
9653 7008 0
967 7008 0
9673 7008 0
9685 7008 0
9686 7008 0
9688 7008 0
9694 7008 0
9695 7008 0
9698 7008 0
9699 7008 0
97 7008 0
970 7008 0
9705 7008 0
9709 7008 0
9711 7008 0
9717 7008 0
9722 7008 0
973 7008 0
9732 7008 0
9734 7008 0
9736 7008 0
9747 7008 0
9748 7008 0
975 7008 0
9759 7008 0
9765 7008 0
9766 7008 0
9768 7008 0
977 7008 0
9774 7008 0
9775 7008 0
9779 7008 0
9782 7008 0
9784 7008 0
9786 7008 0
9788 7008 0
9793 7008 0
9796 7008 0
9797 7008 0
9802 7008 0
9806 7008 0
9813 7008 0
9817 7008 0
9818 7008 0
9840 7008 0
9846 7008 0
9852 7008 0
9854 7008 0
9859 7008 0
9868 7008 0
987 7008 0
9874 7008 0
9879 7008 0
9891 7008 1
9898 7008 0
9902 7008 0
9905 7008 0
9908 7008 0
9909 7008 0
9910 7008 0
9911 7008 0
9917 7008 0
9918 7008 0
9919 7008 0
9935 7008 1
994 7008 0
9945 7008 0
9950 7008 0
9956 7008 0
996 7008 0
9960 7008 0
9961 7008 0
9966 7008 0
9969 7008 0
9976 7008 0
9978 7008 0
9980 7008 0
9984 7008 0
9985 7008 0
9997 7008 0
