Gene Module seed_gene
1000 6723 0
10002 6723 0
10007 6723 1
100129128 6723 0
100132285 6723 0
100132406 6723 0
100132476 6723 0
100133941 6723 0
10016 6723 0
10018 6723 0
10019 6723 0
10020 6723 0
10022 6723 1
1004 6723 1
10047 6723 0
1005 6723 1
100507436 6723 0
10051 6723 0
10058 6723 1
1006 6723 0
10061 6723 0
10069 6723 0
10077 6723 0
1008 6723 0
10084 6723 0
10085 6723 1
10095 6723 0
1010 6723 0
10103 6723 1
10123 6723 0
10136 6723 1
1014 6723 1
10142 6723 1
10148 6723 1
10149 6723 0
10153 6723 0
10158 6723 1
1016 6723 0
10160 6723 1
10161 6723 0
10162 6723 1
10164 6723 1
1017 6723 1
10170 6723 1
10171 6723 1
10175 6723 0
10181 6723 0
10184 6723 0
10195 6723 0
10196 6723 1
10197 6723 0
102 6723 0
10202 6723 1
10204 6723 1
10208 6723 1
1021 6723 0
10214 6723 0
10215 6723 0
10216 6723 0
10218 6723 1
10219 6723 0
10220 6723 0
10221 6723 0
10223 6723 1
10226 6723 0
10232 6723 1
10234 6723 0
10235 6723 1
10237 6723 0
10239 6723 1
10240 6723 0
10242 6723 0
10246 6723 0
10257 6723 0
10265 6723 1
10276 6723 0
10280 6723 1
10289 6723 0
1029 6723 1
10291 6723 0
10297 6723 0
10298 6723 0
1030 6723 1
10308 6723 0
1031 6723 0
10316 6723 0
10317 6723 1
10319 6723 1
10321 6723 0
10324 6723 0
1033 6723 1
10332 6723 0
10345 6723 0
10346 6723 0
10351 6723 1
10360 6723 1
10365 6723 0
10368 6723 0
10369 6723 0
10370 6723 1
10371 6723 0
10379 6723 0
1038 6723 0
10389 6723 1
10390 6723 0
10395 6723 0
10397 6723 1
10403 6723 0
10406 6723 1
10409 6723 0
10410 6723 1
10411 6723 0
10417 6723 1
10425 6723 0
10437 6723 0
1044 6723 0
10443 6723 0
10446 6723 1
10449 6723 1
10451 6723 0
10452 6723 0
10455 6723 1
10468 6723 0
1047 6723 0
10472 6723 0
10476 6723 0
10478 6723 0
10479 6723 0
1048 6723 0
10485 6723 0
10491 6723 0
10497 6723 0
10501 6723 0
1051 6723 1
10512 6723 0
10519 6723 0
10523 6723 0
1053 6723 0
105375355 6723 1
10538 6723 1
10541 6723 0
10550 6723 0
10551 6723 0
10553 6723 0
10555 6723 0
10556 6723 0
10559 6723 0
10560 6723 1
10561 6723 1
10562 6723 0
10563 6723 1
10566 6723 0
10567 6723 0
10568 6723 1
10572 6723 0
10577 6723 0
10581 6723 1
10584 6723 1
10586 6723 1
10595 6723 0
10598 6723 0
10599 6723 1
10615 6723 0
10622 6723 1
10628 6723 1
10631 6723 1
10633 6723 1
10643 6723 1
10647 6723 0
10650 6723 1
10653 6723 0
10656 6723 1
1066 6723 0
10661 6723 1
10669 6723 1
1068 6723 0
10682 6723 0
10683 6723 1
10686 6723 1
10687 6723 1
10690 6723 0
10692 6723 1
10694 6723 0
10699 6723 1
107 6723 0
10712 6723 0
10716 6723 0
10732 6723 1
10738 6723 0
10747 6723 0
1075 6723 0
10761 6723 1
10763 6723 0
10785 6723 1
10786 6723 0
10794 6723 1
10797 6723 1
10799 6723 1
108 6723 1
10803 6723 1
10808 6723 1
1081 6723 0
10813 6723 1
10825 6723 1
10841 6723 0
10842 6723 0
10844 6723 0
10845 6723 0
10846 6723 1
10850 6723 0
10857 6723 0
10858 6723 0
10869 6723 0
10874 6723 1
1088 6723 0
10881 6723 0
10882 6723 0
10884 6723 0
10885 6723 1
1089 6723 0
10897 6723 0
10904 6723 0
10913 6723 1
10916 6723 0
10924 6723 1
10930 6723 0
10935 6723 0
10940 6723 1
10942 6723 1
10944 6723 0
10947 6723 1
10950 6723 0
10951 6723 0
10953 6723 1
10954 6723 0
10955 6723 0
10959 6723 0
10962 6723 0
10964 6723 0
10974 6723 0
10978 6723 0
10979 6723 1
10981 6723 0
10991 6723 1
10993 6723 0
10998 6723 1
11004 6723 1
11005 6723 1
11007 6723 1
11009 6723 1
11012 6723 1
11013 6723 1
11015 6723 1
1102 6723 0
11022 6723 0
11024 6723 0
11026 6723 0
11030 6723 0
11031 6723 0
11033 6723 0
1104 6723 1
11040 6723 0
11045 6723 1
11052 6723 0
11061 6723 0
11065 6723 1
11072 6723 1
11073 6723 0
11075 6723 1
11077 6723 1
11082 6723 1
1109 6723 1
11093 6723 0
11095 6723 1
11107 6723 0
11108 6723 0
1112 6723 1
11120 6723 0
11126 6723 1
11129 6723 0
1113 6723 1
11133 6723 0
11136 6723 1
11138 6723 0
1114 6723 1
11141 6723 0
11142 6723 0
11145 6723 1
11146 6723 1
11152 6723 0
11153 6723 0
1116 6723 1
11161 6723 0
11167 6723 0
1117 6723 1
11173 6723 1
11174 6723 1
1118 6723 0
11181 6723 1
11189 6723 0
11197 6723 1
11199 6723 1
1120 6723 0
11200 6723 0
11202 6723 1
1122 6723 0
11223 6723 0
11224 6723 0
11226 6723 1
1123 6723 0
11230 6723 0
11238 6723 0
112398 6723 0
112399 6723 0
11247 6723 1
11248 6723 1
11251 6723 1
11252 6723 1
11254 6723 1
11255 6723 0
11259 6723 0
11261 6723 1
11280 6723 1
11281 6723 1
11283 6723 1
1129 6723 1
1131 6723 0
113146 6723 0
113177 6723 1
1132 6723 1
11328 6723 0
1133 6723 0
11331 6723 0
11332 6723 0
11336 6723 0
11338 6723 0
1134 6723 1
11341 6723 1
11342 6723 0
11343 6723 1
113457 6723 1
1135 6723 0
1136 6723 1
1138 6723 1
113835 6723 0
114088 6723 1
1141 6723 0
1143 6723 1
1144 6723 1
1146 6723 1
114818 6723 1
114881 6723 0
114882 6723 0
114883 6723 0
114884 6723 0
114897 6723 0
1149 6723 0
1152 6723 1
115207 6723 1
1154 6723 0
115653 6723 0
1158 6723 1
115817 6723 0
115939 6723 0
116 6723 0
1160 6723 1
116039 6723 0
1164 6723 1
116832 6723 0
117 6723 1
117246 6723 0
1178 6723 1
1179 6723 1
1181 6723 1
1182 6723 0
118491 6723 1
1188 6723 0
1191 6723 1
1200 6723 0
120227 6723 0
121006 6723 1
1215 6723 1
1232 6723 0
1233 6723 0
1237 6723 1
1238 6723 1
123872 6723 0
124 6723 0
1244 6723 1
124583 6723 0
125 6723 1
1258 6723 0
125893 6723 0
1259 6723 1
126070 6723 0
1261 6723 1
1264 6723 1
1265 6723 1
1266 6723 0
1271 6723 1
1272 6723 1
127534 6723 1
1277 6723 1
1278 6723 1
127833 6723 0
128 6723 0
1280 6723 0
1281 6723 1
1282 6723 1
1284 6723 0
128553 6723 0
1287 6723 1
1289 6723 1
129025 6723 1
1292 6723 0
1293 6723 0
1297 6723 1
1298 6723 1
1299 6723 1
1300 6723 1
1301 6723 1
1302 6723 1
1306 6723 0
131 6723 0
1311 6723 1
1312 6723 1
131578 6723 1
1316 6723 0
132 6723 1
1325 6723 0
1339 6723 0
134 6723 0
1347 6723 0
1349 6723 0
1356 6723 1
1358 6723 0
1359 6723 1
1360 6723 1
1361 6723 0
1363 6723 0
1366 6723 1
1368 6723 1
1370 6723 0
1373 6723 0
1374 6723 1
1380 6723 1
138046 6723 0
1381 6723 1
1382 6723 1
1388 6723 0
1389 6723 0
1390 6723 0
1393 6723 1
1397 6723 0
1400 6723 0
1401 6723 0
1404 6723 1
140462 6723 1
140545 6723 1
140578 6723 1
140803 6723 1
140883 6723 1
1409 6723 0
1410 6723 1
1412 6723 1
1413 6723 1
1414 6723 0
1417 6723 0
1420 6723 0
142684 6723 1
1428 6723 0
1429 6723 0
1437 6723 1
1440 6723 1
1444 6723 0
1454 6723 1
1459 6723 1
1462 6723 1
146227 6723 1
1463 6723 0
1465 6723 1
1466 6723 0
146754 6723 1
1469 6723 1
147 6723 1
1470 6723 1
1472 6723 1
1478 6723 0
148 6723 0
1482 6723 0
148229 6723 1
148753 6723 1
1490 6723 0
1491 6723 0
1493 6723 1
1496 6723 0
149603 6723 0
149628 6723 0
15 6723 1
1503 6723 1
151011 6723 0
1511 6723 1
1512 6723 1
1513 6723 0
1515 6723 1
1519 6723 0
152 6723 1
152015 6723 0
1521 6723 1
1525 6723 0
1528 6723 0
1535 6723 0
154 6723 1
1544 6723 0
1545 6723 0
1548 6723 0
1549 6723 0
1553 6723 0
1557 6723 0
1558 6723 1
1565 6723 1
1571 6723 0
1572 6723 1
1576 6723 1
157869 6723 1
1579 6723 0
1583 6723 1
1586 6723 0
1588 6723 1
1591 6723 1
1592 6723 1
1594 6723 1
1595 6723 0
159963 6723 1
16 6723 0
1604 6723 1
1607 6723 0
1608 6723 0
1610 6723 1
161176 6723 1
1620 6723 0
1621 6723 1
1627 6723 0
162972 6723 0
1634 6723 1
1636 6723 1
1638 6723 0
1641 6723 0
1645 6723 0
1646 6723 1
164656 6723 0
1647 6723 0
165 6723 0
1652 6723 1
166 6723 0
1662 6723 1
1669 6723 0
1670 6723 0
1671 6723 0
1672 6723 1
1673 6723 0
1674 6723 1
1675 6723 1
1678 6723 1
1687 6723 0
1690 6723 1
169611 6723 1
170680 6723 1
171220 6723 0
171558 6723 0
171586 6723 1
1717 6723 1
1718 6723 0
173 6723 0
1733 6723 0
1737 6723 0
174 6723 1
1740 6723 1
1742 6723 0
1746 6723 0
1748 6723 1
1750 6723 1
1755 6723 0
176 6723 1
1761 6723 1
1768 6723 1
177 6723 0
1770 6723 0
1773 6723 0
1775 6723 1
1776 6723 1
1780 6723 1
1791 6723 0
18 6723 0
1800 6723 1
1804 6723 1
1806 6723 1
1807 6723 0
1808 6723 0
1809 6723 0
1813 6723 1
1815 6723 1
1816 6723 1
1823 6723 0
1825 6723 1
1827 6723 1
1828 6723 1
1829 6723 0
1830 6723 1
1831 6723 1
1832 6723 0
1833 6723 1
1836 6723 1
1838 6723 1
1839 6723 0
1844 6723 1
1846 6723 1
1848 6723 0
1852 6723 1
1854 6723 0
186 6723 0
189 6723 0
1891 6723 0
1893 6723 0
1894 6723 1
1896 6723 0
19 6723 0
190 6723 0
1907 6723 1
1917 6723 1
192286 6723 0
192666 6723 1
192683 6723 0
1938 6723 0
1939 6723 0
1942 6723 0
1946 6723 1
1955 6723 0
1959 6723 0
1960 6723 0
1961 6723 1
1965 6723 0
1967 6723 0
1968 6723 1
1969 6723 0
196993 6723 0
197 6723 1
1973 6723 1
197320 6723 0
1978 6723 1
1991 6723 0
1993 6723 0
1995 6723 0
1996 6723 1
2 6723 1
200734 6723 0
2010 6723 0
201191 6723 1
2012 6723 1
2013 6723 0
2015 6723 0
201501 6723 1
201562 6723 0
2016 6723 1
2017 6723 0
2018 6723 0
202 6723 0
2020 6723 1
2026 6723 0
2030 6723 1
2034 6723 1
2038 6723 0
2039 6723 0
2040 6723 0
2044 6723 0
2045 6723 1
205 6723 0
2051 6723 0
205564 6723 0
2056 6723 0
2058 6723 0
2064 6723 0
2065 6723 0
2069 6723 1
2072 6723 0
2081 6723 0
210 6723 0
2100 6723 0
2109 6723 0
2114 6723 1
2119 6723 1
212 6723 0
2128 6723 1
213 6723 0
2131 6723 0
2134 6723 1
214 6723 0
2146 6723 1
2147 6723 1
2151 6723 1
2152 6723 0
2153 6723 1
2155 6723 1
2160 6723 0
2162 6723 1
2165 6723 0
2167 6723 1
2168 6723 1
2169 6723 1
217 6723 0
2170 6723 0
2172 6723 0
2173 6723 0
2176 6723 0
218 6723 0
2181 6723 0
2184 6723 0
2191 6723 1
2193 6723 0
2194 6723 1
2195 6723 0
219595 6723 0
220 6723 0
2205 6723 1
2206 6723 1
2208 6723 1
221154 6723 0
221443 6723 0
2217 6723 0
221749 6723 0
2222 6723 0
222487 6723 0
222642 6723 1
222663 6723 1
223117 6723 1
224 6723 0
2243 6723 1
2244 6723 1
2249 6723 0
2253 6723 1
2254 6723 1
2258 6723 0
2261 6723 0
2262 6723 0
2266 6723 1
2267 6723 1
2272 6723 0
2274 6723 0
22795 6723 0
22798 6723 0
22802 6723 1
22822 6723 1
22823 6723 0
22847 6723 0
22848 6723 0
22854 6723 1
2286 6723 0
22865 6723 1
22866 6723 1
2287 6723 0
22872 6723 0
22876 6723 0
2288 6723 0
22889 6723 1
2289 6723 1
22890 6723 0
2290 6723 1
22925 6723 0
22927 6723 0
22934 6723 0
22943 6723 1
2295 6723 1
22953 6723 1
2296 6723 1
2297 6723 1
22974 6723 1
22976 6723 0
22977 6723 0
22986 6723 0
22987 6723 0
22989 6723 1
2299 6723 0
22998 6723 0
22999 6723 0
23015 6723 1
23016 6723 1
23017 6723 0
23020 6723 0
23025 6723 0
23028 6723 0
23029 6723 0
2303 6723 1
23035 6723 1
23040 6723 0
23042 6723 0
23052 6723 1
23057 6723 0
2306 6723 1
23072 6723 1
23085 6723 0
23089 6723 0
23090 6723 0
23096 6723 0
23107 6723 0
23111 6723 1
2312 6723 0
23127 6723 0
23130 6723 0
23138 6723 0
23143 6723 0
23149 6723 1
23157 6723 1
23158 6723 1
23160 6723 1
23165 6723 0
23169 6723 1
2317 6723 0
23170 6723 0
23179 6723 1
2318 6723 1
23200 6723 0
23204 6723 0
23212 6723 1
23213 6723 1
2322 6723 1
23220 6723 0
23221 6723 0
23231 6723 0
23237 6723 0
2324 6723 0
23246 6723 1
23251 6723 1
23254 6723 0
23264 6723 0
23266 6723 0
23268 6723 0
2327 6723 1
23281 6723 0
23306 6723 0
2331 6723 0
23310 6723 1
23312 6723 0
23313 6723 0
23314 6723 0
23321 6723 0
23327 6723 1
23328 6723 0
23333 6723 0
23336 6723 1
2334 6723 1
2335 6723 0
23359 6723 1
23360 6723 0
23379 6723 0
23382 6723 1
23383 6723 0
23405 6723 0
23408 6723 0
23411 6723 0
23415 6723 1
23418 6723 0
23421 6723 0
23424 6723 0
23435 6723 0
23436 6723 1
23443 6723 0
23450 6723 1
23457 6723 0
23462 6723 0
23466 6723 1
23467 6723 1
23474 6723 1
23475 6723 1
2348 6723 1
23480 6723 0
23481 6723 0
23483 6723 1
23484 6723 0
23492 6723 1
23498 6723 0
23509 6723 0
23516 6723 0
2352 6723 0
23527 6723 0
23532 6723 1
23539 6723 1
23543 6723 0
23546 6723 1
23547 6723 1
23560 6723 1
23562 6723 1
23569 6723 0
23580 6723 0
23586 6723 0
23587 6723 0
23589 6723 0
23593 6723 0
23594 6723 1
23595 6723 0
23596 6723 1
23600 6723 0
23607 6723 0
23608 6723 0
23617 6723 0
23619 6723 0
23632 6723 1
23633 6723 0
23641 6723 0
23645 6723 0
23657 6723 1
23658 6723 0
23670 6723 0
23676 6723 1
23677 6723 1
23682 6723 0
23683 6723 0
23705 6723 0
23753 6723 0
23760 6723 0
23764 6723 0
23767 6723 0
23769 6723 0
23780 6723 0
238 6723 1
239 6723 0
24 6723 0
241 6723 0
24140 6723 1
246 6723 0
246243 6723 0
247 6723 0
248 6723 1
249 6723 0
2495 6723 0
250 6723 1
2516 6723 1
2517 6723 1
2529 6723 1
2530 6723 1
253143 6723 0
2534 6723 0
2537 6723 1
253782 6723 0
2543 6723 0
2549 6723 0
255057 6723 1
2554 6723 0
2556 6723 1
2557 6723 1
2558 6723 0
2559 6723 0
2560 6723 1
2563 6723 1
2564 6723 1
2568 6723 1
2569 6723 1
256987 6723 0
2571 6723 1
25769 6723 1
25770 6723 0
25775 6723 0
25790 6723 1
25794 6723 1
25805 6723 1
25806 6723 1
2581 6723 0
25818 6723 1
25819 6723 0
2582 6723 0
25825 6723 1
2583 6723 0
25830 6723 0
25834 6723 0
25840 6723 1
25841 6723 0
25842 6723 0
25849 6723 1
25855 6723 0
25858 6723 0
25859 6723 0
25873 6723 0
25878 6723 1
25888 6723 1
25890 6723 1
25891 6723 1
25893 6723 1
259 6723 1
25906 6723 0
2591 6723 0
259217 6723 0
259266 6723 1
25932 6723 0
25937 6723 0
25957 6723 0
25959 6723 1
25966 6723 0
25978 6723 0
25980 6723 0
25984 6723 1
25994 6723 1
25996 6723 0
26 6723 1
26024 6723 1
260294 6723 1
26038 6723 0
26039 6723 0
26045 6723 0
26050 6723 0
26052 6723 0
26064 6723 0
26084 6723 1
26085 6723 0
26093 6723 0
26108 6723 0
26112 6723 1
26119 6723 0
26121 6723 0
26137 6723 1
261734 6723 1
2618 6723 1
262 6723 0
26212 6723 0
26220 6723 1
26227 6723 1
26228 6723 1
2623 6723 0
26230 6723 0
26253 6723 1
26256 6723 1
26257 6723 0
2626 6723 1
26266 6723 1
26268 6723 0
2627 6723 0
26271 6723 1
26278 6723 1
26279 6723 1
2628 6723 0
26280 6723 0
26281 6723 1
26292 6723 0
2633 6723 0
26353 6723 1
2637 6723 1
2638 6723 0
2641 6723 1
2642 6723 0
2643 6723 0
2645 6723 0
2646 6723 1
26468 6723 0
26472 6723 0
26476 6723 0
2649 6723 0
26499 6723 0
265 6723 1
2650 6723 0
26507 6723 0
26515 6723 0
26519 6723 0
26523 6723 0
26548 6723 0
26574 6723 0
26576 6723 0
26578 6723 0
26585 6723 0
26586 6723 1
2662 6723 0
2669 6723 0
266977 6723 0
2673 6723 0
2674 6723 1
2675 6723 1
2676 6723 1
26762 6723 0
2678 6723 0
268 6723 1
2688 6723 0
269 6723 0
2691 6723 0
2694 6723 1
2697 6723 0
26986 6723 1
26998 6723 0
270 6723 1
2700 6723 1
27000 6723 0
27012 6723 0
27018 6723 0
27019 6723 0
2702 6723 0
27020 6723 0
27022 6723 1
27043 6723 0
27044 6723 1
27063 6723 1
27090 6723 0
27094 6723 1
27098 6723 0
271 6723 0
27112 6723 1
27113 6723 0
27115 6723 1
2712 6723 0
27120 6723 0
27121 6723 1
27123 6723 1
27124 6723 1
27132 6723 1
27136 6723 0
27163 6723 1
2717 6723 1
27178 6723 1
27181 6723 1
2719 6723 0
27190 6723 0
272 6723 0
2720 6723 0
27202 6723 0
27231 6723 0
27232 6723 1
27246 6723 0
27250 6723 1
27253 6723 1
27254 6723 0
27285 6723 0
27286 6723 1
27287 6723 1
27289 6723 0
2729 6723 0
27290 6723 0
27292 6723 0
27296 6723 0
27299 6723 1
2730 6723 0
2731 6723 0
27329 6723 1
27330 6723 1
27335 6723 0
27344 6723 0
27346 6723 1
27347 6723 0
2735 6723 0
27350 6723 0
2736 6723 0
2739 6723 0
2740 6723 0
2747 6723 0
2752 6723 0
2760 6723 0
2762 6723 0
2766 6723 1
2771 6723 0
2776 6723 0
2784 6723 0
2785 6723 1
2786 6723 1
2787 6723 0
2791 6723 1
2792 6723 1
28 6723 0
2805 6723 0
2811 6723 0
2812 6723 0
2813 6723 0
2814 6723 0
2815 6723 0
2819 6723 0
2822 6723 0
2823 6723 1
28231 6723 1
2827 6723 1
282808 6723 0
283212 6723 1
283459 6723 0
2835 6723 0
2840 6723 0
284001 6723 1
2841 6723 0
284217 6723 1
284266 6723 1
2845 6723 0
284541 6723 0
2846 6723 0
2848 6723 1
284904 6723 1
2850 6723 1
28513 6723 1
285527 6723 0
285755 6723 1
286 6723 1
2861 6723 1
286148 6723 0
2867 6723 0
2873 6723 0
2879 6723 0
2891 6723 0
2893 6723 1
28951 6723 0
28954 6723 0
28955 6723 0
28959 6723 0
28960 6723 0
2897 6723 1
2898 6723 1
28983 6723 1
28996 6723 0
28999 6723 0
29 6723 0
290 6723 1
2901 6723 1
2902 6723 0
29028 6723 1
2903 6723 1
2905 6723 1
2906 6723 1
2907 6723 1
29074 6723 0
2908 6723 1
29080 6723 0
29081 6723 0
29086 6723 0
29091 6723 0
29093 6723 0
29098 6723 0
29102 6723 0
29105 6723 0
29107 6723 1
29109 6723 0
2911 6723 1
29113 6723 1
29114 6723 1
29116 6723 0
29119 6723 1
2912 6723 1
29121 6723 0
29127 6723 1
2913 6723 0
2914 6723 1
2915 6723 0
2916 6723 0
2917 6723 0
2918 6723 1
2919 6723 1
2920 6723 1
2921 6723 1
2925 6723 1
2932 6723 0
2934 6723 1
2937 6723 0
2938 6723 1
2940 6723 0
2941 6723 0
2944 6723 1
2946 6723 1
2948 6723 0
2950 6723 1
2953 6723 0
2971 6723 1
29767 6723 0
29775 6723 0
29796 6723 0
2980 6723 1
29802 6723 1
2981 6723 1
29887 6723 1
29889 6723 0
29895 6723 1
29896 6723 0
29901 6723 0
29902 6723 1
29906 6723 0
29907 6723 0
29922 6723 0
29923 6723 1
2993 6723 0
29933 6723 0
29935 6723 1
29937 6723 0
2994 6723 0
29940 6723 0
29943 6723 1
29947 6723 0
29949 6723 0
2995 6723 1
29953 6723 1
29954 6723 0
2996 6723 0
29968 6723 1
29969 6723 0
29980 6723 1
29984 6723 1
29988 6723 0
2999 6723 0
29991 6723 1
29995 6723 1
29999 6723 0
30 6723 0
3000 6723 1
30001 6723 1
30009 6723 0
30012 6723 1
3003 6723 0
3006 6723 1
3007 6723 1
3008 6723 1
3009 6723 1
3010 6723 0
3012 6723 0
3014 6723 0
3017 6723 0
3018 6723 1
302 6723 0
3026 6723 1
3035 6723 0
3037 6723 0
3043 6723 1
3045 6723 1
3046 6723 1
3050 6723 1
3053 6723 1
3059 6723 1
306 6723 1
3067 6723 1
307 6723 0
308 6723 0
3080 6723 0
30811 6723 1
30819 6723 0
30820 6723 0
30835 6723 1
30848 6723 0
3087 6723 0
3098 6723 0
3099 6723 1
31 6723 0
310 6723 0
3106 6723 0
3107 6723 0
3108 6723 0
3109 6723 0
3111 6723 0
3113 6723 0
3115 6723 0
3117 6723 0
3119 6723 0
3120 6723 0
3122 6723 0
3123 6723 0
3133 6723 0
3134 6723 0
314 6723 1
3149 6723 0
3156 6723 0
3157 6723 0
3158 6723 1
3159 6723 1
3162 6723 1
3164 6723 0
3175 6723 0
318 6723 0
3181 6723 0
3182 6723 0
3184 6723 0
3185 6723 0
3187 6723 0
319 6723 0
3195 6723 1
3196 6723 0
3198 6723 0
3200 6723 0
3201 6723 0
3202 6723 0
3203 6723 0
3204 6723 0
3208 6723 0
3211 6723 0
3212 6723 0
3215 6723 0
3216 6723 0
3218 6723 1
3223 6723 1
3226 6723 0
3227 6723 1
3231 6723 1
3232 6723 0
3235 6723 0
3236 6723 0
3237 6723 0
3238 6723 0
3239 6723 0
3240 6723 0
3242 6723 0
3250 6723 0
326 6723 1
3263 6723 0
327 6723 0
3270 6723 0
3273 6723 0
3276 6723 1
3284 6723 1
3290 6723 0
3294 6723 1
3295 6723 0
3299 6723 1
330 6723 0
3306 6723 1
3321 6723 1
3336 6723 0
3338 6723 0
3339 6723 0
335 6723 1
3352 6723 1
3355 6723 1
3356 6723 0
3357 6723 0
3358 6723 1
3359 6723 1
336 6723 1
3360 6723 1
3363 6723 1
337 6723 1
3371 6723 0
3376 6723 1
338 6723 1
3381 6723 1
3385 6723 1
3386 6723 0
338645 6723 1
339105 6723 1
339479 6723 1
3396 6723 0
341 6723 0
3416 6723 0
3422 6723 0
3423 6723 0
342538 6723 1
3426 6723 1
3428 6723 0
343 6723 1
3430 6723 0
3433 6723 0
3437 6723 0
345 6723 1
3451 6723 0
3458 6723 1
346 6723 0
346157 6723 1
347733 6723 1
347853 6723 1
347902 6723 0
348 6723 0
3483 6723 0
3484 6723 1
3486 6723 1
3487 6723 0
3488 6723 0
3489 6723 1
348995 6723 0
3490 6723 0
3491 6723 0
350 6723 0
3512 6723 1
353514 6723 0
3543 6723 1
3547 6723 0
3552 6723 1
3553 6723 1
3554 6723 0
3561 6723 0
3565 6723 0
3567 6723 0
3568 6723 1
3569 6723 1
3572 6723 1
3576 6723 1
3577 6723 0
359 6723 0
3592 6723 0
3593 6723 0
3595 6723 0
3596 6723 0
3598 6723 1
360 6723 0
3605 6723 1
3612 6723 0
3613 6723 0
3614 6723 1
3617 6723 1
3619 6723 0
362 6723 1
3622 6723 0
3623 6723 1
3624 6723 1
3625 6723 1
3627 6723 1
363 6723 1
3632 6723 0
3638 6723 1
3641 6723 1
3642 6723 0
3643 6723 0
3646 6723 1
3651 6723 1
3661 6723 0
3665 6723 0
3667 6723 0
3670 6723 0
3673 6723 1
3675 6723 0
3679 6723 1
3680 6723 0
3682 6723 0
3683 6723 1
3695 6723 1
3697 6723 0
3698 6723 1
3699 6723 0
3707 6723 0
3708 6723 1
3713 6723 0
3728 6723 0
3730 6723 1
373156 6723 0
3732 6723 0
374 6723 1
3741 6723 1
3742 6723 0
374286 6723 1
3746 6723 0
3748 6723 1
374868 6723 0
375056 6723 0
375057 6723 1
3753 6723 0
3754 6723 1
3755 6723 1
3758 6723 0
3760 6723 0
3761 6723 0
3762 6723 0
3763 6723 0
3765 6723 0
3766 6723 0
3770 6723 1
3773 6723 1
3776 6723 1
3777 6723 1
3778 6723 1
3779 6723 1
3787 6723 1
379 6723 1
3790 6723 0
3792 6723 0
3798 6723 1
3802 6723 0
3803 6723 0
3804 6723 0
3805 6723 1
3806 6723 0
3808 6723 0
3809 6723 0
3810 6723 0
3811 6723 0
3813 6723 0
3814 6723 1
3817 6723 1
3818 6723 0
382 6723 0
383 6723 0
3834 6723 1
3845 6723 0
3848 6723 1
3849 6723 0
3850 6723 0
3851 6723 1
3852 6723 1
3853 6723 1
3855 6723 1
3857 6723 0
3859 6723 1
3860 6723 1
3861 6723 0
3866 6723 1
3868 6723 1
3872 6723 1
3880 6723 0
3881 6723 1
3882 6723 0
3883 6723 0
3884 6723 0
3886 6723 0
3887 6723 1
3889 6723 1
389 6723 0
389177 6723 0
3897 6723 1
39 6723 0
390 6723 0
3902 6723 0
3904 6723 1
3909 6723 0
3913 6723 0
3914 6723 0
3921 6723 0
3925 6723 0
3927 6723 0
3929 6723 1
3934 6723 1
3936 6723 0
3939 6723 0
3950 6723 0
3952 6723 1
3954 6723 0
3956 6723 0
3957 6723 1
3958 6723 1
3960 6723 1
397 6723 0
3972 6723 0
3973 6723 0
3976 6723 1
398 6723 0
3980 6723 0
3987 6723 0
3991 6723 0
3992 6723 1
3995 6723 1
399664 6723 1
4001 6723 0
4017 6723 1
4018 6723 0
4023 6723 0
4025 6723 1
4036 6723 1
404281 6723 1
4052 6723 0
4057 6723 1
4058 6723 1
4060 6723 0
4061 6723 1
4062 6723 1
4065 6723 0
4066 6723 0
4069 6723 1
4070 6723 1
4071 6723 1
4072 6723 0
4074 6723 0
4081 6723 1
4082 6723 1
4085 6723 1
4093 6723 0
4099 6723 0
4100 6723 1
4102 6723 1
4103 6723 1
4105 6723 1
4109 6723 1
4110 6723 1
4111 6723 1
4113 6723 1
4118 6723 1
412 6723 0
4121 6723 1
4129 6723 1
4130 6723 1
4131 6723 1
4133 6723 1
4141 6723 0
4143 6723 1
4145 6723 1
4147 6723 1
4154 6723 0
4157 6723 1
416 6723 0
417 6723 0
4179 6723 1
4185 6723 0
419 6723 1
4193 6723 0
4199 6723 1
421 6723 1
4210 6723 0
4212 6723 1
4217 6723 0
4224 6723 1
4225 6723 1
4232 6723 1
4234 6723 1
4237 6723 1
4240 6723 0
4241 6723 1
4254 6723 1
4256 6723 1
4258 6723 0
4261 6723 0
4267 6723 0
427 6723 0
4277 6723 1
4283 6723 0
4298 6723 0
4303 6723 0
4311 6723 0
4312 6723 1
4313 6723 0
4314 6723 1
4316 6723 1
4317 6723 1
4318 6723 1
4319 6723 1
4320 6723 1
4321 6723 1
4322 6723 1
4326 6723 1
4329 6723 0
433 6723 0
4336 6723 1
4340 6723 0
435 6723 0
4352 6723 0
4353 6723 1
4356 6723 1
4359 6723 1
4361 6723 0
4363 6723 1
43847 6723 1
43849 6723 1
439921 6723 0
440 6723 1
440270 6723 1
440738 6723 0
441024 6723 0
4430 6723 0
4435 6723 1
4438 6723 1
444 6723 0
4440 6723 0
4477 6723 1
4482 6723 0
4488 6723 1
4493 6723 1
4494 6723 1
4495 6723 1
4496 6723 1
4499 6723 1
4501 6723 1
4502 6723 1
4507 6723 0
4520 6723 0
4528 6723 0
4547 6723 0
4582 6723 0
4583 6723 0
4586 6723 1
4589 6723 0
4593 6723 1
4598 6723 0
460 6723 1
4601 6723 1
4604 6723 0
4605 6723 1
4606 6723 1
4607 6723 1
4608 6723 0
4609 6723 1
4613 6723 1
4618 6723 0
4619 6723 0
4620 6723 0
4621 6723 0
4624 6723 0
4626 6723 0
4627 6723 0
4634 6723 0
4635 6723 0
4638 6723 1
4649 6723 0
4651 6723 0
4653 6723 1
4659 6723 0
4661 6723 1
4664 6723 0
4668 6723 0
4677 6723 0
4680 6723 0
4681 6723 0
4683 6723 0
4685 6723 0
4692 6723 1
4693 6723 1
4694 6723 0
4702 6723 0
4703 6723 1
4736 6723 0
4741 6723 1
4744 6723 1
4745 6723 0
4753 6723 0
4758 6723 0
476 6723 0
4760 6723 1
4761 6723 0
4762 6723 0
4775 6723 0
478 6723 0
4781 6723 0
4784 6723 0
479 6723 0
4790 6723 0
4794 6723 0
4796 6723 1
48 6723 0
4802 6723 0
4804 6723 1
4808 6723 0
4814 6723 0
482 6723 1
4821 6723 1
4824 6723 0
4826 6723 1
4828 6723 1
4835 6723 1
4839 6723 1
4842 6723 1
4843 6723 0
4852 6723 1
4853 6723 0
4854 6723 1
486 6723 0
4861 6723 0
487 6723 1
4878 6723 0
4884 6723 1
4885 6723 1
4886 6723 1
4887 6723 1
4889 6723 0
4891 6723 1
4892 6723 1
4897 6723 1
4904 6723 0
4907 6723 0
4908 6723 0
4914 6723 0
4923 6723 1
4925 6723 0
4929 6723 0
4935 6723 1
4938 6723 0
4939 6723 0
4940 6723 0
4948 6723 1
4973 6723 1
4974 6723 0
4975 6723 0
4978 6723 1
498 6723 0
4982 6723 1
49860 6723 0
4992 6723 0
5001 6723 0
5002 6723 0
5004 6723 1
5008 6723 1
5009 6723 1
501 6723 0
5010 6723 1
5021 6723 1
5023 6723 1
5024 6723 0
5026 6723 0
5030 6723 1
5031 6723 0
5033 6723 0
5047 6723 1
50486 6723 1
5050 6723 1
50506 6723 0
50515 6723 0
5052 6723 0
5055 6723 1
506 6723 0
50617 6723 1
5063 6723 1
50632 6723 1
5068 6723 1
5076 6723 1
5077 6723 1
5079 6723 1
5080 6723 0
50804 6723 0
50814 6723 1
50831 6723 0
50833 6723 0
50839 6723 0
50840 6723 1
50855 6723 1
50859 6723 1
50861 6723 1
50865 6723 0
5089 6723 0
5092 6723 0
50943 6723 1
5096 6723 0
5098 6723 1
5099 6723 1
51 6723 1
51001 6723 1
51008 6723 0
51011 6723 0
51012 6723 0
51021 6723 0
51022 6723 0
51032 6723 0
5104 6723 0
51042 6723 1
51043 6723 1
51046 6723 0
5105 6723 1
51050 6723 1
51052 6723 0
51056 6723 0
5106 6723 0
51066 6723 0
51069 6723 0
51070 6723 0
51073 6723 0
51083 6723 1
51084 6723 0
51090 6723 0
51096 6723 0
51097 6723 0
5111 6723 1
51110 6723 1
51116 6723 0
51123 6723 0
51131 6723 0
51133 6723 0
51142 6723 0
51151 6723 0
51154 6723 0
51155 6723 0
51156 6723 1
51160 6723 0
51170 6723 1
51181 6723 0
51182 6723 0
51186 6723 0
51191 6723 0
51202 6723 1
51205 6723 1
51206 6723 1
51208 6723 1
5121 6723 1
51226 6723 0
51228 6723 1
51237 6723 1
51257 6723 0
51266 6723 0
51280 6723 1
51286 6723 1
51287 6723 0
51293 6723 0
51299 6723 0
51301 6723 1
51303 6723 0
51309 6723 1
51314 6723 0
51316 6723 1
51321 6723 0
51324 6723 0
51327 6723 0
51332 6723 1
51333 6723 1
51335 6723 0
51348 6723 1
51364 6723 1
51371 6723 1
51374 6723 0
51377 6723 0
51388 6723 0
5139 6723 1
51421 6723 0
51422 6723 0
5143 6723 1
51438 6723 0
51439 6723 0
51440 6723 0
51441 6723 0
51449 6723 0
5145 6723 1
51454 6723 0
51458 6723 1
51460 6723 0
51471 6723 1
51474 6723 1
51477 6723 0
51478 6723 1
5148 6723 0
51480 6723 0
51491 6723 1
51495 6723 1
51499 6723 0
515 6723 0
51504 6723 0
51507 6723 0
5151 6723 1
51513 6723 0
51533 6723 0
5154 6723 0
51550 6723 0
51555 6723 0
51557 6723 0
51559 6723 0
5156 6723 1
51561 6723 1
51567 6723 1
51571 6723 0
51599 6723 0
51617 6723 1
5163 6723 0
51634 6723 0
51646 6723 0
51647 6723 0
51651 6723 1
5166 6723 1
51660 6723 0
51666 6723 1
51678 6723 1
51690 6723 1
51693 6723 0
51701 6723 0
51702 6723 1
51703 6723 0
51704 6723 0
51706 6723 0
51719 6723 0
5172 6723 0
51720 6723 0
51725 6723 0
51729 6723 0
51733 6723 1
5174 6723 1
5176 6723 0
51761 6723 1
51764 6723 1
51768 6723 0
51778 6723 0
5178 6723 1
5179 6723 1
51806 6723 1
51809 6723 0
5184 6723 0
5187 6723 1
5196 6723 1
5197 6723 0
5198 6723 0
5202 6723 1
5203 6723 1
5205 6723 1
5214 6723 0
5216 6723 0
5224 6723 0
5225 6723 1
5228 6723 1
5230 6723 1
5236 6723 1
525 6723 1
5250 6723 0
5251 6723 0
5255 6723 1
526 6723 0
5264 6723 1
5265 6723 0
5266 6723 0
5267 6723 1
5268 6723 1
5269 6723 0
5270 6723 1
5272 6723 0
5276 6723 0
5284 6723 1
5288 6723 0
5295 6723 0
5300 6723 0
5308 6723 0
5309 6723 0
5311 6723 0
5315 6723 1
5322 6723 1
5325 6723 0
5327 6723 0
5328 6723 1
5329 6723 0
5330 6723 0
5333 6723 1
53339 6723 0
53371 6723 0
534 6723 1
53407 6723 0
5345 6723 1
5349 6723 1
5351 6723 0
5352 6723 0
5354 6723 1
5358 6723 1
5359 6723 0
5360 6723 0
5361 6723 1
5365 6723 0
5375 6723 1
5376 6723 1
5378 6723 0
53820 6723 1
53822 6723 0
53827 6723 1
53919 6723 1
53944 6723 0
53947 6723 0
54039 6723 0
54069 6723 0
5408 6723 1
5409 6723 1
54112 6723 0
5414 6723 0
541578 6723 0
54187 6723 0
5420 6723 1
54207 6723 1
54221 6723 0
5423 6723 1
5425 6723 1
5431 6723 0
54329 6723 1
5434 6723 0
5435 6723 0
54360 6723 0
5437 6723 0
54386 6723 0
5440 6723 0
54413 6723 0
54433 6723 0
54436 6723 0
54438 6723 0
5444 6723 0
54453 6723 0
5446 6723 0
54474 6723 1
54477 6723 0
54490 6723 0
54502 6723 1
54507 6723 1
54509 6723 1
54512 6723 1
54516 6723 0
54517 6723 1
5452 6723 1
5453 6723 0
54532 6723 0
54538 6723 0
5454 6723 1
54541 6723 1
54544 6723 0
5455 6723 1
54566 6723 1
5457 6723 1
54584 6723 1
54587 6723 0
54596 6723 0
54606 6723 1
5462 6723 1
54663 6723 1
54677 6723 1
54681 6723 0
547 6723 1
54704 6723 1
5471 6723 1
54714 6723 1
54715 6723 0
5473 6723 1
54733 6723 0
54738 6723 1
54739 6723 0
5475 6723 1
54766 6723 0
54768 6723 1
54769 6723 1
54793 6723 1
5480 6723 0
54807 6723 0
54829 6723 0
54831 6723 1
54832 6723 0
54845 6723 0
54851 6723 0
54852 6723 1
54855 6723 1
54860 6723 1
54861 6723 0
54874 6723 0
54881 6723 1
54884 6723 1
54886 6723 1
54892 6723 1
549 6723 0
54905 6723 1
54906 6723 0
54908 6723 1
54910 6723 0
54913 6723 0
54914 6723 0
54915 6723 1
54918 6723 0
54932 6723 0
54937 6723 0
54939 6723 0
5494 6723 0
54942 6723 0
54946 6723 0
54954 6723 1
54957 6723 0
54958 6723 1
54959 6723 1
5496 6723 0
54962 6723 1
54963 6723 1
54967 6723 0
54971 6723 0
5498 6723 0
54986 6723 1
54997 6723 1
55003 6723 0
55008 6723 0
55013 6723 0
55024 6723 1
55033 6723 0
55036 6723 1
55038 6723 1
55039 6723 0
55049 6723 1
55055 6723 0
55062 6723 0
55063 6723 0
55064 6723 1
55065 6723 1
55068 6723 1
5507 6723 1
55076 6723 0
55079 6723 0
55083 6723 1
55084 6723 0
55086 6723 0
55093 6723 1
5511 6723 0
55110 6723 1
55113 6723 0
55118 6723 1
55127 6723 1
55130 6723 0
55131 6723 1
55150 6723 0
55151 6723 0
55156 6723 0
55175 6723 1
55186 6723 0
5520 6723 0
55203 6723 0
55204 6723 0
55205 6723 0
5521 6723 1
55211 6723 1
55213 6723 1
55214 6723 1
55216 6723 0
55222 6723 1
55226 6723 1
55237 6723 0
55259 6723 0
55268 6723 0
55270 6723 0
55273 6723 1
55282 6723 1
552889 6723 0
55298 6723 0
55299 6723 1
55311 6723 0
55315 6723 0
55321 6723 1
55328 6723 0
55332 6723 0
55335 6723 0
55337 6723 0
55347 6723 0
55365 6723 0
55366 6723 1
5538 6723 0
554 6723 0
5540 6723 1
5544 6723 1
5545 6723 0
55450 6723 0
5550 6723 0
55503 6723 1
55507 6723 0
55511 6723 1
55515 6723 0
5552 6723 0
5554 6723 1
55544 6723 0
55554 6723 1
55567 6723 0
5557 6723 1
55576 6723 1
55577 6723 0
55584 6723 0
55601 6723 1
55608 6723 1
55612 6723 1
55625 6723 0
55631 6723 0
55636 6723 1
55638 6723 0
55655 6723 0
55661 6723 1
5567 6723 1
55684 6723 0
55686 6723 0
55706 6723 0
55711 6723 0
55718 6723 0
55720 6723 0
55721 6723 1
55723 6723 1
55740 6723 0
55746 6723 0
55748 6723 0
55754 6723 0
55765 6723 0
5577 6723 1
55771 6723 1
55787 6723 1
55791 6723 0
55793 6723 0
55795 6723 1
55798 6723 0
558 6723 0
55801 6723 1
55813 6723 0
55816 6723 0
55818 6723 0
55819 6723 0
5582 6723 1
55832 6723 0
55839 6723 1
55840 6723 0
55847 6723 0
55859 6723 1
55867 6723 1
55885 6723 1
55905 6723 0
5591 6723 1
55922 6723 1
5593 6723 1
55930 6723 0
55937 6723 0
5596 6723 1
55966 6723 0
5597 6723 0
5600 6723 0
56000 6723 1
56033 6723 1
56062 6723 0
5610 6723 0
56100 6723 0
56106 6723 1
56114 6723 1
56124 6723 0
56125 6723 0
56128 6723 1
56130 6723 0
56132 6723 0
56159 6723 1
56165 6723 1
56171 6723 0
5621 6723 0
5623 6723 0
5625 6723 0
5626 6723 0
5627 6723 0
56271 6723 1
5630 6723 1
56300 6723 1
56301 6723 0
5631 6723 0
56341 6723 0
56342 6723 0
56344 6723 0
56413 6723 1
5644 6723 1
5646 6723 0
56475 6723 1
5648 6723 1
5649 6723 1
5650 6723 1
5651 6723 1
5653 6723 1
5654 6723 0
5662 6723 1
5663 6723 0
56654 6723 0
56656 6723 0
56660 6723 0
56667 6723 0
56673 6723 0
56675 6723 1
56683 6723 0
5669 6723 0
567 6723 0
5670 6723 0
5672 6723 0
56729 6723 1
5675 6723 0
5676 6723 0
5678 6723 0
5683 6723 0
5685 6723 0
5688 6723 1
56891 6723 0
56892 6723 0
56893 6723 0
56899 6723 1
5690 6723 0
56901 6723 1
56913 6723 0
56915 6723 1
56925 6723 1
56926 6723 0
56934 6723 1
56936 6723 0
56937 6723 1
56940 6723 0
56942 6723 0
56944 6723 1
56953 6723 0
56954 6723 1
56967 6723 1
5697 6723 1
56978 6723 0
56984 6723 0
5699 6723 0
56993 6723 0
56994 6723 0
570 6723 1
57007 6723 0
5701 6723 0
57016 6723 1
57018 6723 0
57019 6723 0
57030 6723 1
57035 6723 0
5704 6723 0
57048 6723 0
57050 6723 0
57060 6723 0
5708 6723 0
57084 6723 0
57091 6723 0
5710 6723 0
57101 6723 0
57111 6723 0
57116 6723 1
57124 6723 0
57126 6723 1
57127 6723 1
57130 6723 0
57136 6723 0
5714 6723 0
57146 6723 0
57158 6723 1
57165 6723 0
57171 6723 0
57172 6723 1
57180 6723 1
57194 6723 0
5720 6723 0
5721 6723 0
57211 6723 0
57214 6723 1
57228 6723 0
5723 6723 1
5729 6723 1
57292 6723 0
5730 6723 1
5731 6723 0
5732 6723 0
57332 6723 1
57335 6723 0
57338 6723 1
5734 6723 1
57369 6723 0
57379 6723 0
5739 6723 0
57402 6723 0
57418 6723 0
5742 6723 1
5743 6723 1
5744 6723 1
5745 6723 1
57468 6723 0
57476 6723 0
575 6723 0
57502 6723 1
57509 6723 0
57515 6723 0
57538 6723 1
57570 6723 0
57573 6723 1
57576 6723 0
57585 6723 0
57586 6723 0
57596 6723 0
57613 6723 0
57615 6723 0
5763 6723 0
5764 6723 1
57664 6723 0
57718 6723 1
57730 6723 1
57731 6723 1
57733 6723 1
57758 6723 1
57761 6723 1
5778 6723 0
57795 6723 0
57799 6723 0
57804 6723 1
57817 6723 1
57818 6723 0
57820 6723 1
5783 6723 1
579 6723 1
5792 6723 1
5795 6723 0
5796 6723 0
5798 6723 1
58 6723 0
5800 6723 1
5805 6723 0
5806 6723 1
581 6723 0
5810 6723 0
58157 6723 1
5818 6723 0
5831 6723 1
5836 6723 0
5837 6723 1
58472 6723 1
58488 6723 0
58498 6723 0
58510 6723 0
58529 6723 0
58530 6723 1
5858 6723 0
5859 6723 0
5860 6723 0
5862 6723 0
5864 6723 0
5866 6723 0
5880 6723 0
5891 6723 1
5892 6723 0
5897 6723 0
58986 6723 0
59 6723 1
590 6723 1
5902 6723 1
5906 6723 1
5908 6723 0
5920 6723 0
5923 6723 1
5932 6723 0
59336 6723 1
59341 6723 1
5937 6723 0
5947 6723 1
595 6723 1
5950 6723 1
5954 6723 1
5966 6723 0
5967 6723 1
5968 6723 1
597 6723 1
5972 6723 1
5982 6723 0
5983 6723 1
5987 6723 1
599 6723 0
5990 6723 0
5994 6723 1
5997 6723 1
5998 6723 0
6000 6723 0
6005 6723 0
6006 6723 0
6007 6723 0
6016 6723 0
6017 6723 0
60314 6723 0
6036 6723 1
6037 6723 0
6038 6723 0
60385 6723 0
604 6723 0
60481 6723 1
60482 6723 1
60485 6723 0
60487 6723 1
60490 6723 0
60494 6723 0
60495 6723 1
6051 6723 0
60598 6723 1
60676 6723 1
6096 6723 1
6098 6723 0
610 6723 0
6121 6723 1
6122 6723 0
6123 6723 0
6124 6723 0
6132 6723 1
6136 6723 1
6137 6723 0
6139 6723 0
6154 6723 0
6159 6723 0
617 6723 0
6173 6723 0
6175 6723 0
6182 6723 0
6187 6723 1
6188 6723 1
6189 6723 0
6193 6723 1
6196 6723 0
6208 6723 0
6227 6723 1
623 6723 1
6234 6723 0
6237 6723 0
6241 6723 1
6251 6723 0
6256 6723 1
6262 6723 0
6263 6723 1
6271 6723 0
6273 6723 1
6275 6723 0
6276 6723 1
6278 6723 1
6280 6723 0
6281 6723 0
6283 6723 0
6285 6723 1
6286 6723 1
629 6723 1
6291 6723 1
6303 6723 0
631 6723 1
6310 6723 0
6314 6723 0
6317 6723 1
6318 6723 1
6319 6723 1
6323 6723 0
6324 6723 1
6326 6723 1
6327 6723 1
6328 6723 1
6329 6723 1
633 6723 1
6331 6723 0
6332 6723 1
6334 6723 0
6335 6723 1
6336 6723 0
6337 6723 0
6343 6723 0
6344 6723 1
6347 6723 0
6354 6723 0
6356 6723 1
6360 6723 0
6361 6723 0
6362 6723 1
6363 6723 1
6364 6723 1
6367 6723 0
6368 6723 1
637 6723 1
6372 6723 1
6376 6723 0
63827 6723 0
6386 6723 0
63875 6723 1
63917 6723 0
6392 6723 1
63923 6723 0
63924 6723 1
63931 6723 0
63932 6723 0
63973 6723 1
63974 6723 0
63978 6723 0
63982 6723 1
6405 6723 0
6406 6723 1
64066 6723 0
64067 6723 0
64078 6723 1
64084 6723 0
64102 6723 0
64106 6723 1
64114 6723 0
64131 6723 0
64132 6723 0
64137 6723 0
64175 6723 1
6418 6723 0
64180 6723 0
642 6723 0
6421 6723 0
64216 6723 0
64219 6723 0
6422 6723 1
64220 6723 1
64236 6723 1
6424 6723 1
64240 6723 1
6425 6723 1
642559 6723 1
6426 6723 0
6431 6723 0
64318 6723 1
643376 6723 0
64344 6723 1
64359 6723 0
64386 6723 0
64388 6723 1
6439 6723 1
6441 6723 0
6442 6723 1
64421 6723 0
64446 6723 0
6446 6723 1
6447 6723 0
64499 6723 1
645 6723 0
6455 6723 0
645682 6723 0
645745 6723 0
64577 6723 0
64582 6723 0
645961 6723 0
64600 6723 1
6462 6723 0
646282 6723 1
64682 6723 0
6469 6723 1
64714 6723 1
6472 6723 1
64747 6723 0
64754 6723 1
64759 6723 0
6476 6723 1
64761 6723 0
64777 6723 0
64778 6723 0
64782 6723 1
64784 6723 0
64789 6723 0
6480 6723 0
6482 6723 0
64834 6723 0
6484 6723 0
64849 6723 1
64850 6723 0
64852 6723 0
64858 6723 0
6490 6723 1
64901 6723 1
6493 6723 1
64943 6723 1
6496 6723 1
64960 6723 0
64981 6723 0
65003 6723 0
65012 6723 0
6504 6723 1
65055 6723 1
65057 6723 0
6506 6723 0
6507 6723 0
65083 6723 1
6509 6723 0
651 6723 1
6510 6723 1
65109 6723 0
6511 6723 0
6512 6723 1
65124 6723 0
6513 6723 1
6517 6723 1
652 6723 1
6520 6723 1
6521 6723 0
6524 6723 1
65243 6723 1
65244 6723 0
6528 6723 0
6529 6723 1
653 6723 1
6530 6723 0
6532 6723 0
6534 6723 0
6535 6723 1
653784 6723 1
6538 6723 0
653808 6723 1
654 6723 1
6540 6723 0
6541 6723 1
6550 6723 1
6553 6723 1
6555 6723 1
6557 6723 0
6558 6723 1
6559 6723 0
6561 6723 1
6563 6723 1
6564 6723 1
6568 6723 1
6569 6723 0
6570 6723 0
6571 6723 0
6572 6723 0
6574 6723 1
6576 6723 0
6579 6723 1
6580 6723 1
6582 6723 1
6585 6723 0
6588 6723 1
6591 6723 0
6595 6723 0
65983 6723 1
65988 6723 0
65993 6723 0
65997 6723 1
65998 6723 0
660 6723 1
6603 6723 0
66035 6723 0
661 6723 0
6615 6723 1
6616 6723 1
6618 6723 0
6620 6723 0
6623 6723 1
6624 6723 1
6632 6723 0
664 6723 0
6646 6723 0
665 6723 0
6652 6723 1
6653 6723 0
6659 6723 1
6662 6723 1
6663 6723 0
667 6723 0
6670 6723 0
6671 6723 0
6675 6723 0
6676 6723 0
6678 6723 1
668 6723 0
6691 6723 1
6693 6723 0
6695 6723 0
6696 6723 1
6698 6723 1
6699 6723 1
6701 6723 0
6707 6723 1
6708 6723 0
671 6723 1
6713 6723 1
6716 6723 0
6717 6723 1
6718 6723 0
6726 6723 0
6727 6723 0
673 6723 0
6737 6723 0
6750 6723 1
6751 6723 1
6753 6723 1
6754 6723 0
6755 6723 1
6756 6723 0
6758 6723 0
676 6723 0
6769 6723 0
6770 6723 0
6775 6723 0
6776 6723 0
6780 6723 0
6781 6723 1
6782 6723 0
6783 6723 0
6799 6723 1
6804 6723 1
6810 6723 0
6812 6723 1
6817 6723 1
682 6723 1
6832 6723 0
6833 6723 1
684 6723 0
6843 6723 0
6853 6723 0
6854 6723 1
6861 6723 1
6863 6723 0
6865 6723 1
6866 6723 0
6869 6723 1
687 6723 1
6874 6723 0
6876 6723 1
6898 6723 1
6899 6723 0
6900 6723 1
6905 6723 0
6906 6723 1
6910 6723 1
6911 6723 1
6915 6723 0
6916 6723 1
6917 6723 0
6929 6723 0
694 6723 0
6942 6723 0
6947 6723 1
6954 6723 1
6993 6723 0
6996 6723 0
7006 6723 0
7008 6723 1
7011 6723 0
7015 6723 1
7018 6723 0
7019 6723 0
7020 6723 1
7021 6723 0
7023 6723 1
7027 6723 1
7029 6723 0
7031 6723 1
7032 6723 1
7033 6723 0
7036 6723 1
7037 6723 0
7038 6723 1
7044 6723 1
7045 6723 1
7048 6723 0
7049 6723 1
705 6723 1
7050 6723 1
7051 6723 1
7053 6723 1
7054 6723 1
7058 6723 1
7060 6723 1
7062 6723 1
7066 6723 0
7068 6723 1
7076 6723 1
7078 6723 0
7079 6723 0
7080 6723 1
7087 6723 1
7091 6723 0
7092 6723 1
7093 6723 0
7101 6723 0
7103 6723 0
7104 6723 1
7106 6723 0
7107 6723 0
7112 6723 0
712 6723 1
7124 6723 0
7125 6723 1
7128 6723 0
713 6723 0
7134 6723 1
7135 6723 0
7136 6723 0
7137 6723 1
7139 6723 1
7140 6723 1
7143 6723 1
7148 6723 1
715 6723 0
716 6723 0
7161 6723 1
7164 6723 1
7165 6723 0
7169 6723 1
7170 6723 0
7171 6723 0
7173 6723 1
7179 6723 0
718 6723 0
7180 6723 0
72 6723 1
7203 6723 1
722 6723 0
7222 6723 0
7225 6723 0
7226 6723 1
7252 6723 0
7253 6723 0
7262 6723 1
7264 6723 1
727 6723 0
7273 6723 0
7274 6723 0
7275 6723 1
7276 6723 0
7280 6723 1
729 6723 1
7291 6723 1
7292 6723 1
7294 6723 0
7298 6723 0
7299 6723 1
730 6723 1
7306 6723 0
7307 6723 1
731 6723 0
732 6723 0
7323 6723 0
7329 6723 0
733 6723 0
7347 6723 1
7348 6723 0
7349 6723 1
7351 6723 0
7352 6723 0
7358 6723 1
7360 6723 1
7363 6723 1
7366 6723 1
7371 6723 0
7378 6723 0
7379 6723 1
738 6723 0
7386 6723 0
7419 6723 0
7422 6723 1
7424 6723 0
7425 6723 1
7428 6723 0
7429 6723 0
7431 6723 0
7432 6723 1
7434 6723 1
7436 6723 0
7439 6723 0
7447 6723 1
7448 6723 0
7453 6723 0
7458 6723 0
7465 6723 0
747 6723 0
7473 6723 1
7474 6723 1
7475 6723 0
7476 6723 1
7481 6723 1
7490 6723 1
7512 6723 1
752014 6723 0
7535 6723 0
754 6723 0
7564 6723 0
759 6723 1
760 6723 1
761 6723 0
7625 6723 1
7644 6723 0
765 6723 1
766 6723 1
767 6723 0
768 6723 1
770 6723 0
7704 6723 1
771 6723 1
773 6723 0
7739 6723 1
775 6723 0
7755 6723 0
7781 6723 1
7782 6723 1
779 6723 0
7791 6723 0
7805 6723 0
782 6723 1
7832 6723 0
785 6723 0
7851 6723 1
7855 6723 0
7857 6723 1
7866 6723 1
7879 6723 0
788 6723 1
7884 6723 0
78989 6723 0
78990 6723 1
78994 6723 0
78997 6723 0
790 6723 1
79012 6723 1
79037 6723 1
7905 6723 0
79053 6723 0
79054 6723 1
79072 6723 0
79080 6723 1
79081 6723 0
79083 6723 0
79084 6723 1
79094 6723 1
79096 6723 0
79097 6723 0
79132 6723 0
79154 6723 1
79157 6723 0
79172 6723 0
79175 6723 1
79188 6723 0
793 6723 1
7932 6723 0
7936 6723 0
79368 6723 1
79369 6723 1
794 6723 1
79412 6723 1
7957 6723 1
79581 6723 0
79587 6723 1
79589 6723 0
796 6723 1
79608 6723 1
79612 6723 1
79625 6723 0
79637 6723 0
79645 6723 0
79661 6723 0
79675 6723 0
79680 6723 1
79695 6723 1
79697 6723 0
79698 6723 0
797 6723 0
79711 6723 1
79712 6723 0
79713 6723 0
79722 6723 0
79729 6723 0
79740 6723 0
7975 6723 0
79750 6723 0
79758 6723 0
79763 6723 0
79770 6723 0
79772 6723 0
79774 6723 0
7980 6723 1
79801 6723 1
79802 6723 0
79807 6723 0
79811 6723 0
79814 6723 0
79819 6723 1
79822 6723 0
79825 6723 0
79834 6723 0
79837 6723 0
79838 6723 0
79841 6723 0
79844 6723 1
79846 6723 1
79853 6723 0
79862 6723 0
79867 6723 0
79870 6723 1
79888 6723 1
79895 6723 0
799 6723 0
79902 6723 0
79905 6723 0
79906 6723 0
79922 6723 0
79924 6723 0
79927 6723 0
79931 6723 0
79933 6723 0
79935 6723 1
79940 6723 0
79943 6723 0
79946 6723 0
79948 6723 0
79955 6723 1
79957 6723 0
79958 6723 1
79960 6723 0
79966 6723 0
79979 6723 0
79981 6723 1
79990 6723 0
79998 6723 1
8000 6723 0
80000 6723 1
80010 6723 0
80020 6723 1
80031 6723 1
80032 6723 1
80036 6723 0
80045 6723 1
80059 6723 0
80063 6723 0
80086 6723 0
80097 6723 0
80122 6723 0
80125 6723 1
80128 6723 1
8013 6723 0
80133 6723 0
80144 6723 0
80150 6723 0
80162 6723 1
80168 6723 1
80194 6723 0
80208 6723 0
80216 6723 0
8022 6723 0
80230 6723 0
80232 6723 0
80243 6723 1
80258 6723 1
80273 6723 0
80279 6723 0
8029 6723 1
80303 6723 1
80308 6723 0
80310 6723 1
80329 6723 1
80339 6723 1
8036 6723 0
8048 6723 0
8061 6723 1
80705 6723 0
80736 6723 1
80739 6723 1
8074 6723 1
80740 6723 1
80741 6723 1
80763 6723 0
8091 6723 1
80975 6723 1
810 6723 1
81027 6723 1
81031 6723 0
81034 6723 1
81035 6723 1
8110 6723 1
8115 6723 1
8125 6723 0
81285 6723 1
8131 6723 1
8139 6723 0
8140 6723 1
81491 6723 0
81494 6723 0
81501 6723 1
81539 6723 0
81544 6723 1
81551 6723 0
81555 6723 0
81569 6723 1
81575 6723 1
81578 6723 1
81606 6723 0
81616 6723 1
81618 6723 1
81621 6723 0
81624 6723 1
81628 6723 0
81693 6723 1
8170 6723 1
8174 6723 1
81792 6723 1
81831 6723 0
81848 6723 1
81856 6723 0
81892 6723 0
8190 6723 1
8192 6723 0
81929 6723 0
8193 6723 1
820 6723 0
8200 6723 1
821 6723 0
8224 6723 1
8237 6723 0
8260 6723 1
8266 6723 0
827 6723 0
8270 6723 1
8277 6723 0
8289 6723 0
8302 6723 0
8303 6723 0
832 6723 0
83259 6723 0
8326 6723 1
8328 6723 1
8329 6723 0
8330 6723 0
8331 6723 1
8332 6723 1
8335 6723 1
8336 6723 1
8337 6723 0
8339 6723 1
8340 6723 1
8341 6723 1
8342 6723 1
8343 6723 1
8344 6723 1
83449 6723 1
8345 6723 1
83450 6723 0
83451 6723 0
8346 6723 1
8347 6723 0
8348 6723 1
8349 6723 0
8350 6723 1
8352 6723 0
8353 6723 0
8354 6723 1
8355 6723 1
8356 6723 1
8357 6723 0
8358 6723 0
8359 6723 1
8360 6723 1
83604 6723 1
8361 6723 0
8363 6723 0
8364 6723 1
8365 6723 1
8366 6723 1
8367 6723 1
8368 6723 1
8372 6723 1
83729 6723 1
838 6723 1
83869 6723 0
839 6723 0
840 6723 1
8403 6723 1
84034 6723 0
8404 6723 1
8409 6723 0
8412 6723 1
84159 6723 0
84187 6723 0
84223 6723 0
84296 6723 1
8434 6723 1
8435 6723 1
8436 6723 1
8439 6723 0
844 6723 1
8443 6723 0
84436 6723 1
8446 6723 0
8447 6723 0
8448 6723 1
8451 6723 0
84525 6723 0
84549 6723 0
84560 6723 1
8458 6723 0
846 6723 0
84612 6723 0
84631 6723 0
84658 6723 0
8467 6723 0
847 6723 0
8470 6723 1
84705 6723 1
8471 6723 0
84726 6723 0
8473 6723 1
84733 6723 1
84779 6723 0
8481 6723 0
8482 6723 0
84823 6723 0
8483 6723 1
84830 6723 1
8484 6723 0
8490 6723 0
84901 6723 0
84909 6723 0
84951 6723 1
84981 6723 1
8499 6723 0
84991 6723 0
8503 6723 0
8507 6723 1
8508 6723 0
8515 6723 0
8516 6723 1
8519 6723 1
8531 6723 0
8534 6723 1
85377 6723 0
8538 6723 1
8544 6723 0
85446 6723 0
85452 6723 1
85458 6723 1
8547 6723 1
85477 6723 1
8556 6723 1
8557 6723 1
8560 6723 0
8562 6723 0
8565 6723 0
8566 6723 0
8575 6723 0
8581 6723 1
859 6723 0
8590 6723 0
86 6723 0
8602 6723 0
8608 6723 1
8609 6723 0
8611 6723 1
8614 6723 1
8618 6723 1
8622 6723 0
863 6723 0
8630 6723 1
8632 6723 1
8633 6723 1
8638 6723 1
8644 6723 0
8646 6723 0
8647 6723 1
8649 6723 0
865 6723 1
8655 6723 0
866 6723 0
8664 6723 0
8667 6723 0
8677 6723 0
8687 6723 0
8689 6723 1
869 6723 1
8697 6723 0
8698 6723 0
8703 6723 0
8708 6723 1
871 6723 1
8727 6723 0
873 6723 0
8735 6723 0
8736 6723 1
8739 6723 1
874 6723 0
8740 6723 0
8743 6723 1
875 6723 1
8754 6723 0
8767 6723 1
8776 6723 0
8778 6723 0
8780 6723 1
8786 6723 0
8787 6723 1
8789 6723 0
8795 6723 1
8796 6723 0
8803 6723 0
8805 6723 0
8808 6723 1
881 6723 0
8814 6723 1
8815 6723 0
8817 6723 1
8820 6723 0
8822 6723 1
8824 6723 1
8833 6723 1
8835 6723 0
8836 6723 1
885 6723 0
8853 6723 0
8854 6723 0
8857 6723 1
8858 6723 1
8863 6723 1
887 6723 0
8870 6723 1
8877 6723 1
8879 6723 0
8881 6723 0
8882 6723 0
8883 6723 0
8884 6723 1
8886 6723 0
8896 6723 0
89 6723 0
8900 6723 0
8904 6723 1
8905 6723 0
8910 6723 1
8912 6723 1
8913 6723 0
8915 6723 0
8928 6723 0
8929 6723 1
8932 6723 0
8935 6723 0
894 6723 1
8941 6723 1
896 6723 0
8968 6723 1
8969 6723 0
8970 6723 1
8985 6723 1
8988 6723 1
8991 6723 1
8992 6723 0
89927 6723 1
8993 6723 0
8995 6723 0
8997 6723 0
8999 6723 1
9 6723 1
90 6723 0
90204 6723 0
9021 6723 0
9023 6723 0
9024 6723 1
9027 6723 0
90273 6723 0
9028 6723 1
90355 6723 1
9040 6723 0
90485 6723 1
9050 6723 0
9055 6723 1
9057 6723 1
9058 6723 1
9071 6723 1
9073 6723 1
9074 6723 1
9076 6723 1
9077 6723 0
9080 6723 1
9087 6723 0
909 6723 1
9092 6723 0
9098 6723 0
9099 6723 1
90993 6723 0
910 6723 1
911 6723 1
9118 6723 1
9119 6723 1
912 6723 1
9120 6723 1
9122 6723 1
91227 6723 0
9124 6723 0
9126 6723 0
9128 6723 0
913 6723 0
91316 6723 0
9132 6723 0
9133 6723 1
91355 6723 1
9141 6723 1
9148 6723 1
9153 6723 1
9154 6723 1
91543 6723 1
916 6723 0
9172 6723 0
91746 6723 0
91752 6723 0
9183 6723 0
91860 6723 0
9188 6723 1
9191 6723 0
9194 6723 0
9196 6723 1
92086 6723 0
921 6723 0
9219 6723 0
9227 6723 1
9228 6723 0
9229 6723 0
9232 6723 1
92346 6723 1
9235 6723 0
9244 6723 0
9245 6723 1
9249 6723 0
925 6723 0
9255 6723 0
92558 6723 1
9256 6723 1
92609 6723 1
9271 6723 1
92815 6723 1
9283 6723 1
92856 6723 0
9287 6723 0
929 6723 0
930 6723 1
9308 6723 0
93081 6723 1
931 6723 1
9311 6723 1
9314 6723 1
9315 6723 0
932 6723 0
9320 6723 0
9340 6723 1
93408 6723 0
9349 6723 0
9350 6723 0
9353 6723 1
9355 6723 0
9356 6723 0
9361 6723 0
9367 6723 0
9368 6723 1
9369 6723 0
9370 6723 1
9371 6723 0
9372 6723 0
9381 6723 1
9389 6723 0
939 6723 1
9390 6723 0
9398 6723 1
94025 6723 1
9403 6723 0
9407 6723 0
9410 6723 0
9411 6723 0
9413 6723 1
9414 6723 0
9415 6723 1
9421 6723 1
9423 6723 1
9427 6723 1
9429 6723 1
9435 6723 0
9436 6723 0
9437 6723 0
944 6723 0
9447 6723 1
9451 6723 0
946 6723 1
9464 6723 1
9465 6723 1
9468 6723 0
9478 6723 0
9479 6723 0
948 6723 1
9480 6723 1
9487 6723 0
949 6723 0
9491 6723 0
9495 6723 1
9496 6723 1
9499 6723 1
9500 6723 0
9508 6723 0
9510 6723 1
9515 6723 1
9516 6723 1
9518 6723 1
9525 6723 0
9533 6723 1
9536 6723 1
9540 6723 1
9567 6723 0
9568 6723 1
9573 6723 0
9581 6723 0
9582 6723 1
9588 6723 1
9590 6723 1
9603 6723 1
9607 6723 1
961 6723 0
9628 6723 0
963 6723 0
9631 6723 1
9635 6723 1
9636 6723 0
9651 6723 1
9655 6723 0
96626 6723 0
9671 6723 1
9678 6723 0
9687 6723 1
9695 6723 0
9696 6723 0
970 6723 1
9705 6723 0
9717 6723 1
9718 6723 1
9719 6723 1
9722 6723 0
9723 6723 1
9726 6723 0
973 6723 1
9732 6723 0
9734 6723 1
9736 6723 0
9745 6723 1
9753 6723 0
9758 6723 1
9759 6723 0
9765 6723 0
9768 6723 1
9775 6723 0
9786 6723 0
9790 6723 0
9796 6723 1
9802 6723 0
9806 6723 0
9813 6723 0
9840 6723 1
9854 6723 0
9856 6723 1
9867 6723 1
9868 6723 0
9875 6723 1
9883 6723 0
9891 6723 0
9892 6723 1
9898 6723 0
9902 6723 0
9903 6723 0
9909 6723 0
9910 6723 0
9911 6723 0
9912 6723 1
9918 6723 0
9919 6723 0
9926 6723 0
9933 6723 1
9935 6723 0
994 6723 1
9945 6723 0
9947 6723 1
9956 6723 0
9960 6723 0
9961 6723 0
9966 6723 1
9970 6723 0
9976 6723 0
9980 6723 0
9985 6723 0
9992 6723 1
