Gene Module seed_gene
10010 1536 0
100132406 1536 0
10019 1536 0
10075 1536 0
10123 1536 0
10135 1536 0
10161 1536 0
10221 1536 0
10240 1536 0
10308 1536 0
10346 1536 0
10379 1536 1
10390 1536 0
10410 1536 0
10437 1536 0
10443 1536 0
10457 1536 0
1047 1536 0
10472 1536 0
105375355 1536 0
10559 1536 0
10561 1536 1
10581 1536 0
10616 1536 0
10682 1536 0
10724 1536 0
10844 1536 0
10964 1536 0
10994 1536 0
1102 1536 0
1105 1536 0
11073 1536 0
11133 1536 0
11145 1536 0
11247 1536 0
11252 1536 0
11255 1536 0
115207 1536 0
12 1536 0
1244 1536 0
1267 1536 0
1297 1536 0
13 1536 0
1306 1536 0
1356 1536 0
1409 1536 0
1429 1536 0
1445 1536 0
151230 1536 0
1523 1536 0
1535 1536 0
16 1536 0
162427 1536 0
163486 1536 0
1666 1536 0
1672 1536 0
1687 1536 0
174 1536 0
1770 1536 0
1839 1536 0
1939 1536 0
1955 1536 0
197 1536 0
1981 1536 0
2004 1536 0
200734 1536 0
2012 1536 0
2059 1536 0
213 1536 0
2147 1536 0
2162 1536 0
2243 1536 0
2244 1536 0
2266 1536 1
2267 1536 0
22822 1536 0
22838 1536 0
22876 1536 0
23052 1536 0
2312 1536 0
23130 1536 0
23254 1536 0
23258 1536 0
23313 1536 0
23325 1536 0
23399 1536 0
23424 1536 0
23429 1536 0
23451 1536 0
23462 1536 0
23518 1536 0
23531 1536 0
23586 1536 1
23607 1536 0
23625 1536 0
249 1536 0
250 1536 0
2537 1536 1
25805 1536 0
25941 1536 0
25978 1536 0
26085 1536 0
26227 1536 0
26228 1536 0
26257 1536 0
2633 1536 0
2643 1536 0
266977 1536 0
27250 1536 0
27347 1536 0
27348 1536 0
27429 1536 0
2745 1536 0
2771 1536 0
2776 1536 0
2784 1536 0
28951 1536 0
28983 1536 0
29121 1536 0
2919 1536 0
2920 1536 0
2921 1536 0
2959 1536 0
29767 1536 0
29887 1536 0
29919 1536 0
29947 1536 0
29969 1536 0
30009 1536 0
3006 1536 0
3021 1536 0
3026 1536 0
30844 1536 0
3106 1536 0
3107 1536 0
3108 1536 0
3109 1536 0
3115 1536 0
3134 1536 0
3149 1536 0
3156 1536 0
3201 1536 0
3237 1536 0
325 1536 0
3290 1536 0
330 1536 0
3305 1536 0
335 1536 0
336 1536 0
338 1536 0
341 1536 0
3419 1536 0
3428 1536 1
3429 1536 1
3430 1536 1
3433 1536 1
3434 1536 1
3437 1536 1
345 1536 0
3458 1536 0
3482 1536 0
350 1536 0
3561 1536 0
3627 1536 0
3638 1536 0
3659 1536 0
3665 1536 1
3698 1536 0
3726 1536 0
3732 1536 0
374286 1536 0
379 1536 0
3796 1536 0
3831 1536 0
3851 1536 1
3860 1536 0
3897 1536 0
3959 1536 0
397 1536 0
3988 1536 0
4061 1536 0
4065 1536 0
4069 1536 0
4074 1536 0
4092 1536 0
4125 1536 0
4134 1536 0
4149 1536 0
4236 1536 0
4312 1536 0
4313 1536 0
440 1536 0
4582 1536 0
4599 1536 1
4615 1536 0
4616 1536 0
4664 1536 0
4683 1536 0
479 1536 0
4790 1536 0
4794 1536 0
4814 1536 0
4853 1536 0
493 1536 0
4938 1536 1
4939 1536 1
4940 1536 1
49860 1536 0
5019 1536 0
50618 1536 0
50650 1536 0
5096 1536 0
51029 1536 0
51056 1536 1
51070 1536 0
51092 1536 0
51131 1536 1
51143 1536 0
51191 1536 0
51366 1536 0
51458 1536 0
5173 1536 0
51734 1536 0
51742 1536 0
51752 1536 0
51761 1536 0
5265 1536 0
5289 1536 0
5293 1536 0
5328 1536 0
53407 1536 0
5359 1536 1
5361 1536 0
54145 1536 0
54453 1536 0
54544 1536 0
54704 1536 0
54733 1536 0
54739 1536 0
54812 1536 0
54832 1536 0
54838 1536 0
54852 1536 0
54877 1536 0
54942 1536 0
54971 1536 0
55008 1536 1
55013 1536 0
55079 1536 0
55197 1536 0
55233 1536 0
55251 1536 0
55337 1536 0
55454 1536 0
55486 1536 0
5552 1536 0
55577 1536 0
55601 1536 1
55625 1536 0
55660 1536 0
55748 1536 0
558 1536 0
55841 1536 0
5610 1536 1
56300 1536 0
5634 1536 0
56650 1536 0
56674 1536 0
56829 1536 0
56913 1536 0
56935 1536 0
56940 1536 0
5696 1536 0
5698 1536 0
5699 1536 0
57035 1536 0
57037 1536 0
5717 1536 0
5721 1536 0
5728 1536 0
57403 1536 0
5771 1536 0
57820 1536 0
5813 1536 0
5818 1536 0
58472 1536 0
5860 1536 0
5863 1536 0
5880 1536 0
5899 1536 0
5920 1536 0
59342 1536 0
5966 1536 0
604 1536 0
6051 1536 0
629 1536 1
6310 1536 0
6314 1536 0
6318 1536 0
6347 1536 0
6364 1536 1
6372 1536 0
6392 1536 0
64167 1536 0
64210 1536 0
64219 1536 0
6422 1536 0
64422 1536 0
64425 1536 0
64714 1536 0
64761 1536 0
64781 1536 0
64847 1536 0
64943 1536 0
65220 1536 0
6595 1536 0
65983 1536 0
65998 1536 0
6643 1536 0
6648 1536 0
6676 1536 0
668 1536 0
6729 1536 0
6737 1536 0
6774 1536 0
6775 1536 0
6778 1536 0
6812 1536 0
6817 1536 0
684 1536 0
6890 1536 0
6892 1536 0
6905 1536 0
6996 1536 0
7040 1536 0
7048 1536 0
7050 1536 0
7051 1536 0
7071 1536 0
7080 1536 0
7088 1536 0
7110 1536 0
7128 1536 0
713 1536 0
715 1536 0
716 1536 0
7264 1536 0
7348 1536 0
7444 1536 0
7448 1536 0
7453 1536 0
7644 1536 0
7791 1536 0
7805 1536 0
79083 1536 0
79180 1536 0
79587 1536 0
79675 1536 0
79865 1536 0
8000 1536 0
80122 1536 0
80125 1536 0
80208 1536 0
80219 1536 0
80230 1536 0
80306 1536 0
8036 1536 0
81542 1536 0
8193 1536 0
8303 1536 0
840 1536 0
84159 1536 0
8440 1536 0
8446 1536 0
8467 1536 0
8508 1536 0
8519 1536 1
85236 1536 0
8563 1536 0
8581 1536 0
8638 1536 1
8743 1536 0
8775 1536 0
8805 1536 0
8881 1536 0
8905 1536 0
8936 1536 0
9019 1536 0
9070 1536 0
9076 1536 0
9111 1536 0
91543 1536 0
916 1536 0
9169 1536 0
92086 1536 0
9246 1536 0
929 1536 0
9308 1536 0
9315 1536 0
9334 1536 0
9367 1536 0
9468 1536 0
948 1536 0
9516 1536 0
9519 1536 0
9603 1536 0
963 1536 0
9636 1536 1
970 1536 0
9766 1536 0
9784 1536 0
9821 1536 0
9919 1536 0
9926 1536 0
9935 1536 0
9960 1536 0
9961 1536 0
9966 1536 0
9976 1536 0
9997 1536 0
