Gene Module seed_gene
1000 5812 0
10002 5812 0
100129128 5812 1
100130958 5812 1
100132285 5812 0
100132406 5812 0
100132476 5812 0
100133941 5812 0
10016 5812 0
10017 5812 1
10022 5812 0
1004 5812 0
10047 5812 0
1005 5812 1
100507436 5812 0
10051 5812 0
1006 5812 1
10077 5812 0
10079 5812 0
1008 5812 0
10085 5812 1
1010 5812 0
10103 5812 1
10107 5812 0
10123 5812 0
1014 5812 1
10148 5812 0
10149 5812 0
1015 5812 0
10158 5812 0
1016 5812 1
10160 5812 0
10161 5812 0
10162 5812 0
1017 5812 0
10170 5812 0
10171 5812 0
10202 5812 1
1021 5812 0
10214 5812 0
10215 5812 0
10216 5812 0
10221 5812 1
10226 5812 0
10232 5812 1
10233 5812 0
10234 5812 0
10235 5812 0
10242 5812 1
10246 5812 0
10257 5812 1
10265 5812 0
10276 5812 0
10289 5812 0
1029 5812 1
10297 5812 0
10298 5812 0
1031 5812 0
10316 5812 1
10317 5812 0
10319 5812 0
10321 5812 0
10324 5812 0
1033 5812 1
10345 5812 0
10346 5812 0
10351 5812 0
10365 5812 0
10368 5812 0
10369 5812 0
10370 5812 0
10371 5812 1
10379 5812 0
1038 5812 0
10395 5812 0
10397 5812 0
10403 5812 0
10406 5812 1
10409 5812 0
10417 5812 1
10425 5812 0
10437 5812 0
1044 5812 0
10446 5812 0
10451 5812 1
10455 5812 0
10457 5812 0
10468 5812 0
1047 5812 0
10472 5812 0
10479 5812 0
1048 5812 1
10485 5812 0
10491 5812 0
10501 5812 0
1051 5812 0
10512 5812 0
1053 5812 0
105375355 5812 0
10538 5812 1
10550 5812 0
10551 5812 0
10561 5812 0
10562 5812 1
10563 5812 1
10567 5812 0
10568 5812 1
10577 5812 0
10581 5812 0
10586 5812 0
10595 5812 1
10599 5812 0
10611 5812 1
10615 5812 1
10622 5812 0
10626 5812 0
10628 5812 0
10633 5812 0
10637 5812 1
10643 5812 0
10645 5812 1
10647 5812 0
10653 5812 0
10656 5812 0
1066 5812 1
10661 5812 0
10669 5812 1
1068 5812 0
10682 5812 0
10683 5812 1
10686 5812 1
10687 5812 1
10690 5812 0
10692 5812 0
107 5812 0
1070 5812 0
10716 5812 0
10738 5812 0
10747 5812 0
1075 5812 0
10761 5812 0
10763 5812 0
10768 5812 0
10786 5812 0
10797 5812 0
108 5812 0
10803 5812 0
1081 5812 1
10841 5812 0
10842 5812 0
10844 5812 0
10846 5812 0
10850 5812 0
10858 5812 0
10861 5812 1
10874 5812 0
10879 5812 1
1088 5812 0
10881 5812 0
10882 5812 1
1089 5812 0
10904 5812 0
10913 5812 1
10924 5812 0
10930 5812 1
10947 5812 0
10950 5812 0
10954 5812 0
10962 5812 0
10964 5812 0
10974 5812 0
10978 5812 0
10979 5812 1
10980 5812 0
10991 5812 0
10993 5812 1
11004 5812 0
11005 5812 0
11012 5812 0
11013 5812 1
11015 5812 0
11022 5812 0
11024 5812 0
11026 5812 0
1103 5812 1
11030 5812 1
11031 5812 0
11033 5812 0
11040 5812 0
11045 5812 1
11061 5812 0
11065 5812 1
11073 5812 0
11075 5812 0
11077 5812 0
11081 5812 0
11082 5812 0
1109 5812 0
11093 5812 0
11095 5812 0
11107 5812 0
11108 5812 0
1112 5812 0
1113 5812 0
11136 5812 0
1114 5812 0
11141 5812 1
11142 5812 0
11145 5812 0
1116 5812 1
11167 5812 0
11174 5812 0
1118 5812 1
11181 5812 0
11189 5812 0
11197 5812 1
11199 5812 1
11202 5812 0
11223 5812 0
11226 5812 0
1123 5812 0
11238 5812 0
112399 5812 1
11247 5812 0
11248 5812 0
11251 5812 0
11254 5812 0
11255 5812 0
11259 5812 0
11280 5812 1
11283 5812 1
1129 5812 1
1131 5812 1
113146 5812 1
113177 5812 0
11328 5812 0
1133 5812 1
11332 5812 0
1134 5812 0
11341 5812 1
1135 5812 0
1136 5812 0
1137 5812 1
1138 5812 1
114 5812 1
114088 5812 1
1141 5812 0
1143 5812 0
1144 5812 0
1146 5812 0
114881 5812 0
114883 5812 0
114884 5812 0
114897 5812 1
1149 5812 0
115207 5812 0
1154 5812 0
115653 5812 0
1158 5812 1
115817 5812 0
115939 5812 0
116 5812 0
1160 5812 0
116039 5812 0
116285 5812 1
116372 5812 0
1164 5812 0
116832 5812 0
117 5812 1
1181 5812 0
1188 5812 1
1191 5812 1
12 5812 1
120 5812 0
121006 5812 0
1215 5812 0
1232 5812 0
1233 5812 0
123872 5812 0
124 5812 0
1244 5812 0
124583 5812 0
125 5812 1
1258 5812 0
125893 5812 0
1259 5812 0
1261 5812 0
1264 5812 1
1271 5812 1
1272 5812 0
127534 5812 1
1277 5812 0
1278 5812 0
127833 5812 0
1280 5812 1
1281 5812 0
1282 5812 0
1284 5812 0
128553 5812 0
1287 5812 0
1289 5812 0
129025 5812 0
1292 5812 0
1293 5812 0
1297 5812 1
1298 5812 1
1299 5812 0
13 5812 0
1300 5812 1
1301 5812 1
1306 5812 0
131 5812 0
1310 5812 1
1311 5812 1
131578 5812 0
1325 5812 0
133 5812 0
1339 5812 0
134 5812 0
135138 5812 0
1356 5812 0
1358 5812 0
1359 5812 0
1360 5812 1
1361 5812 1
1363 5812 0
1366 5812 0
1368 5812 0
1369 5812 0
1370 5812 0
1373 5812 1
1374 5812 0
1380 5812 0
138046 5812 1
1381 5812 1
1382 5812 1
1388 5812 0
1393 5812 1
1397 5812 0
1400 5812 0
1401 5812 0
140290 5812 0
1404 5812 0
140462 5812 1
140803 5812 0
1409 5812 0
1410 5812 1
1412 5812 1
1413 5812 1
1414 5812 0
142684 5812 1
1428 5812 0
1437 5812 0
1440 5812 1
1444 5812 0
1454 5812 0
146 5812 1
1462 5812 0
146227 5812 1
1463 5812 0
1465 5812 1
1466 5812 0
1469 5812 0
147 5812 1
1470 5812 1
1472 5812 1
148 5812 1
1482 5812 0
148753 5812 1
1490 5812 0
1491 5812 0
1493 5812 1
1496 5812 1
149603 5812 0
149628 5812 0
150094 5812 1
1503 5812 0
1508 5812 0
151 5812 1
1510 5812 0
151011 5812 0
1511 5812 0
1513 5812 0
1515 5812 0
152 5812 0
152015 5812 1
1521 5812 0
1525 5812 0
1527 5812 0
1528 5812 0
153 5812 1
1535 5812 1
154 5812 0
1543 5812 0
1544 5812 0
1545 5812 0
154796 5812 1
1548 5812 0
1549 5812 0
155 5812 0
1553 5812 0
1557 5812 0
1565 5812 0
1571 5812 1
1576 5812 0
157869 5812 1
1579 5812 0
1581 5812 0
1583 5812 1
1588 5812 1
1591 5812 1
1592 5812 1
1594 5812 0
159963 5812 0
16 5812 0
1600 5812 0
1604 5812 0
1607 5812 1
1608 5812 1
1610 5812 0
1612 5812 0
1620 5812 0
1627 5812 0
1629 5812 0
1630 5812 1
1634 5812 0
1636 5812 1
1638 5812 0
1641 5812 0
1645 5812 0
1646 5812 1
164656 5812 0
1647 5812 1
165 5812 0
1669 5812 0
1670 5812 1
1671 5812 1
1672 5812 1
1673 5812 0
1674 5812 1
168544 5812 0
1690 5812 0
169611 5812 0
170680 5812 0
171220 5812 0
171558 5812 0
1718 5812 0
173 5812 0
1733 5812 1
174 5812 1
1740 5812 0
1742 5812 0
1746 5812 1
1748 5812 0
1750 5812 0
1755 5812 1
1757 5812 0
176 5812 1
1768 5812 0
177 5812 0
1770 5812 0
1773 5812 0
1775 5812 0
1780 5812 1
1791 5812 0
1800 5812 1
1804 5812 1
1807 5812 1
1809 5812 1
181 5812 0
1812 5812 0
1813 5812 1
1816 5812 0
182 5812 0
1823 5812 0
1825 5812 1
1826 5812 0
1828 5812 0
1829 5812 0
1830 5812 1
1832 5812 0
1833 5812 0
1838 5812 0
1839 5812 0
1844 5812 1
1846 5812 1
1847 5812 1
1848 5812 0
1852 5812 0
186 5812 0
189 5812 0
1891 5812 0
1893 5812 0
1894 5812 0
19 5812 0
190 5812 0
1907 5812 0
192666 5812 1
192683 5812 0
1942 5812 0
1946 5812 0
1948 5812 0
1959 5812 0
1960 5812 0
1961 5812 1
1964 5812 0
1969 5812 1
197 5812 0
197320 5812 0
1991 5812 0
1993 5812 1
1995 5812 1
1996 5812 0
199870 5812 0
2 5812 0
201191 5812 0
2012 5812 0
2013 5812 0
2015 5812 0
201562 5812 0
2016 5812 0
2018 5812 1
202 5812 0
2020 5812 1
2026 5812 1
2030 5812 0
2038 5812 0
2044 5812 0
2045 5812 0
2051 5812 0
2052 5812 0
2056 5812 0
2064 5812 0
2065 5812 0
2069 5812 0
2100 5812 0
2114 5812 0
2119 5812 0
212 5812 0
2128 5812 0
213 5812 1
2131 5812 0
2134 5812 0
2135 5812 0
214 5812 0
2146 5812 1
2147 5812 0
2151 5812 1
2152 5812 0
2153 5812 1
2155 5812 1
2160 5812 0
2165 5812 0
2168 5812 0
2169 5812 0
217 5812 0
2170 5812 1
2171 5812 1
2172 5812 0
2173 5812 1
2176 5812 0
218 5812 1
2184 5812 0
2191 5812 0
2194 5812 1
2195 5812 0
219595 5812 0
220 5812 1
2205 5812 0
2206 5812 0
221749 5812 0
2222 5812 0
222487 5812 0
222642 5812 0
223117 5812 1
224 5812 0
2243 5812 0
2244 5812 0
2249 5812 0
2254 5812 0
2257 5812 0
2258 5812 0
2261 5812 0
2262 5812 0
2266 5812 0
2267 5812 1
22795 5812 0
22798 5812 0
22802 5812 1
22822 5812 1
22847 5812 0
22848 5812 0
22854 5812 0
22865 5812 1
22866 5812 1
22872 5812 0
2288 5812 0
22895 5812 0
2290 5812 0
22925 5812 0
22927 5812 0
22943 5812 1
2295 5812 0
22953 5812 1
2296 5812 0
2297 5812 1
22974 5812 1
22977 5812 0
22986 5812 0
22987 5812 1
2299 5812 1
22998 5812 0
22999 5812 0
2300 5812 0
23017 5812 0
2302 5812 0
23020 5812 0
23025 5812 0
2303 5812 0
23040 5812 0
23052 5812 0
23057 5812 0
2306 5812 0
23072 5812 1
2308 5812 0
23089 5812 1
23090 5812 0
23096 5812 0
23111 5812 0
2312 5812 0
23127 5812 0
23138 5812 0
23158 5812 0
23165 5812 0
2317 5812 0
2318 5812 1
23187 5812 0
23189 5812 0
23204 5812 0
23209 5812 1
23213 5812 0
23217 5812 0
23220 5812 0
23221 5812 0
23231 5812 0
23237 5812 1
23239 5812 0
2324 5812 0
23251 5812 0
23254 5812 0
23258 5812 0
23266 5812 0
23268 5812 0
2327 5812 0
23270 5812 0
23281 5812 1
2331 5812 0
23310 5812 0
23313 5812 0
23314 5812 0
23316 5812 0
23321 5812 0
23327 5812 0
23328 5812 0
23333 5812 0
23336 5812 1
2334 5812 1
2335 5812 1
23359 5812 1
23382 5812 0
23408 5812 0
23415 5812 1
23418 5812 0
23421 5812 0
23443 5812 0
23457 5812 0
23462 5812 0
23467 5812 0
23474 5812 0
23475 5812 1
2348 5812 1
23484 5812 0
23492 5812 0
23498 5812 1
23504 5812 0
23516 5812 0
2352 5812 0
23532 5812 1
23539 5812 0
23543 5812 0
23546 5812 0
23547 5812 0
23562 5812 0
23569 5812 0
23588 5812 0
23589 5812 0
23594 5812 0
23600 5812 1
23607 5812 0
23627 5812 1
23630 5812 1
23632 5812 1
23641 5812 0
23645 5812 0
23657 5812 1
23670 5812 0
23676 5812 0
23677 5812 0
23682 5812 1
23683 5812 0
23705 5812 0
23742 5812 0
23767 5812 1
23769 5812 0
23780 5812 0
238 5812 0
239 5812 0
24 5812 1
241 5812 0
24147 5812 0
246 5812 1
247 5812 0
248 5812 0
249 5812 0
2495 5812 0
250 5812 0
251 5812 0
2515 5812 1
2517 5812 0
2534 5812 0
2537 5812 1
253782 5812 0
2543 5812 0
2549 5812 0
2554 5812 0
2555 5812 0
2556 5812 1
2557 5812 0
2558 5812 0
2559 5812 0
2560 5812 0
2563 5812 1
2566 5812 0
2568 5812 1
2569 5812 0
2571 5812 0
2572 5812 0
25769 5812 1
25770 5812 0
25775 5812 0
25790 5812 0
25806 5812 1
2581 5812 0
25818 5812 0
25819 5812 0
2582 5812 0
2583 5812 0
25830 5812 1
25834 5812 1
25841 5812 0
25849 5812 0
25858 5812 0
25859 5812 0
2587 5812 1
25873 5812 0
25878 5812 0
2589 5812 0
25890 5812 0
25891 5812 0
25893 5812 1
259 5812 0
2591 5812 0
259217 5812 0
259266 5812 1
25932 5812 0
25937 5812 0
25959 5812 1
25966 5812 0
25984 5812 1
25987 5812 0
25996 5812 0
26 5812 1
26033 5812 1
26038 5812 1
26045 5812 0
26050 5812 0
26052 5812 0
26064 5812 0
26084 5812 1
26085 5812 0
26093 5812 0
26108 5812 0
26112 5812 1
26119 5812 0
26136 5812 1
26137 5812 0
261734 5812 0
2619 5812 0
262 5812 0
26212 5812 1
26220 5812 1
26228 5812 0
2623 5812 0
26230 5812 0
2625 5812 1
26256 5812 0
26257 5812 0
2626 5812 1
26266 5812 0
26268 5812 0
2627 5812 0
26279 5812 1
2628 5812 1
26280 5812 0
26287 5812 1
2633 5812 0
26330 5812 0
26353 5812 1
2637 5812 0
2638 5812 1
2641 5812 1
2642 5812 0
2643 5812 0
2645 5812 0
26471 5812 0
26472 5812 0
26476 5812 0
2649 5812 0
26499 5812 0
265 5812 0
26507 5812 0
26539 5812 0
26548 5812 1
26576 5812 0
26585 5812 0
26586 5812 0
266 5812 1
2662 5812 1
2669 5812 0
266977 5812 0
2673 5812 0
2674 5812 0
2675 5812 1
26762 5812 0
2678 5812 0
268 5812 1
269 5812 1
2691 5812 0
2692 5812 1
2697 5812 1
26998 5812 0
270 5812 0
2700 5812 1
27012 5812 0
27018 5812 0
27019 5812 1
2702 5812 0
27020 5812 0
27022 5812 1
2703 5812 0
27030 5812 0
27063 5812 0
27071 5812 0
27075 5812 0
27090 5812 1
27098 5812 0
27112 5812 0
27115 5812 1
2712 5812 0
27120 5812 0
27121 5812 0
27123 5812 0
27124 5812 0
27132 5812 0
27136 5812 0
2717 5812 0
27178 5812 0
27179 5812 0
27181 5812 0
2719 5812 0
27190 5812 0
27231 5812 1
27232 5812 0
27246 5812 0
27253 5812 1
27254 5812 1
27255 5812 0
27285 5812 0
27286 5812 0
27287 5812 0
27289 5812 0
2729 5812 0
27290 5812 0
27299 5812 0
2730 5812 0
2731 5812 0
27329 5812 1
27330 5812 0
27344 5812 0
2735 5812 0
27350 5812 1
2736 5812 0
2739 5812 0
2740 5812 1
27436 5812 0
27445 5812 0
2745 5812 0
2747 5812 0
2752 5812 0
2760 5812 0
2762 5812 1
2776 5812 0
2784 5812 0
2785 5812 0
2786 5812 0
2787 5812 0
2791 5812 0
2796 5812 0
2798 5812 0
28 5812 0
2805 5812 0
2811 5812 0
2812 5812 0
2813 5812 0
2814 5812 0
2815 5812 0
2819 5812 1
2822 5812 0
2823 5812 1
28231 5812 0
2827 5812 0
282808 5812 0
28316 5812 1
283212 5812 1
2835 5812 0
2840 5812 0
2841 5812 0
2843 5812 0
2845 5812 0
284541 5812 0
2846 5812 0
2850 5812 0
28513 5812 0
285527 5812 0
286 5812 0
2861 5812 1
2872 5812 0
2891 5812 0
28951 5812 0
28954 5812 0
28955 5812 0
28959 5812 0
2897 5812 0
28978 5812 0
2898 5812 0
28983 5812 1
28985 5812 0
28999 5812 0
290 5812 0
2901 5812 0
2902 5812 0
29028 5812 0
2903 5812 1
2905 5812 0
2908 5812 0
29088 5812 0
29095 5812 0
29102 5812 0
29103 5812 1
29109 5812 0
2911 5812 0
29114 5812 0
29119 5812 1
29127 5812 0
2913 5812 0
2914 5812 1
2915 5812 0
2916 5812 0
2917 5812 1
2918 5812 0
2920 5812 0
2921 5812 0
2925 5812 1
2934 5812 0
2940 5812 1
2941 5812 0
2944 5812 1
2946 5812 1
2947 5812 1
2948 5812 1
2950 5812 1
2953 5812 0
29767 5812 0
29775 5812 0
29796 5812 0
2980 5812 0
29802 5812 0
2981 5812 0
29880 5812 0
29895 5812 1
29906 5812 0
2992 5812 0
2993 5812 0
29937 5812 0
2994 5812 0
29940 5812 0
29943 5812 1
29944 5812 0
29947 5812 0
29949 5812 0
29953 5812 1
29954 5812 0
2996 5812 1
29980 5812 0
29984 5812 0
2999 5812 0
29999 5812 0
3000 5812 0
30001 5812 0
30012 5812 0
30062 5812 0
3007 5812 0
3008 5812 1
3009 5812 0
3010 5812 0
3012 5812 1
3014 5812 0
3018 5812 0
302 5812 1
3026 5812 1
3036 5812 0
3037 5812 1
3043 5812 1
3046 5812 0
3050 5812 0
3053 5812 1
3059 5812 0
306 5812 0
3067 5812 0
307 5812 0
308 5812 0
3080 5812 0
30811 5812 1
30819 5812 0
30820 5812 0
3083 5812 0
30835 5812 0
30848 5812 0
3087 5812 0
3098 5812 0
310 5812 0
3106 5812 0
3107 5812 0
3108 5812 0
3109 5812 1
3115 5812 0
3117 5812 0
3119 5812 0
3120 5812 0
3122 5812 0
3133 5812 0
3134 5812 0
314 5812 0
3149 5812 0
3158 5812 0
3164 5812 0
3166 5812 1
3175 5812 0
317762 5812 0
3178 5812 0
319 5812 1
3196 5812 0
3198 5812 0
3199 5812 0
3200 5812 0
3201 5812 0
3202 5812 0
3203 5812 0
3204 5812 1
3207 5812 0
3208 5812 0
3211 5812 0
3212 5812 1
3213 5812 1
3215 5812 1
3216 5812 1
3217 5812 1
3218 5812 1
3222 5812 0
3223 5812 1
3224 5812 0
3226 5812 0
3227 5812 1
3231 5812 0
3232 5812 0
3235 5812 0
3236 5812 0
3237 5812 1
3238 5812 1
3239 5812 1
3240 5812 1
3242 5812 1
3250 5812 0
3263 5812 1
3270 5812 0
3273 5812 0
3283 5812 0
3290 5812 1
3293 5812 1
3294 5812 0
330 5812 0
3315 5812 1
3321 5812 0
3338 5812 0
3339 5812 0
335 5812 0
3352 5812 0
3354 5812 0
3356 5812 0
3357 5812 0
3358 5812 0
3359 5812 1
336 5812 1
337 5812 0
3371 5812 0
338 5812 1
3381 5812 0
3386 5812 0
338645 5812 1
339479 5812 0
3397 5812 1
3399 5812 1
341 5812 1
3426 5812 0
343 5812 0
3430 5812 0
3433 5812 0
3434 5812 0
3437 5812 0
3441 5812 0
3448 5812 0
345 5812 0
3451 5812 0
3458 5812 0
346 5812 0
347088 5812 1
347733 5812 0
347853 5812 1
347902 5812 0
348 5812 1
3483 5812 0
3484 5812 0
3485 5812 0
3486 5812 0
3487 5812 0
3488 5812 0
3489 5812 0
3491 5812 0
350 5812 0
353514 5812 0
3543 5812 0
3547 5812 1
3553 5812 0
3554 5812 0
3568 5812 1
3569 5812 1
3576 5812 0
3577 5812 1
359 5812 1
3593 5812 0
3596 5812 0
3598 5812 0
360 5812 1
3617 5812 1
3619 5812 0
3620 5812 0
3622 5812 0
3623 5812 0
3624 5812 0
3625 5812 0
3627 5812 1
3641 5812 0
3642 5812 1
3643 5812 0
3646 5812 0
3665 5812 0
3667 5812 0
3670 5812 0
3673 5812 1
3675 5812 0
3679 5812 0
3680 5812 0
3682 5812 0
3683 5812 0
3697 5812 0
3698 5812 0
3699 5812 0
3707 5812 0
3708 5812 0
3713 5812 1
3718 5812 0
3725 5812 0
3728 5812 0
3730 5812 0
374 5812 1
3741 5812 0
3742 5812 0
3746 5812 0
3747 5812 1
3748 5812 0
3750 5812 0
375056 5812 0
375057 5812 0
3753 5812 0
3754 5812 1
3758 5812 0
3760 5812 1
3761 5812 0
3762 5812 1
3763 5812 0
3765 5812 0
3766 5812 0
3769 5812 1
3773 5812 1
3776 5812 0
3777 5812 0
3778 5812 1
3787 5812 1
379 5812 1
3790 5812 1
3792 5812 0
3796 5812 0
3798 5812 0
3802 5812 0
3803 5812 0
3806 5812 0
3808 5812 0
3809 5812 0
3810 5812 0
3813 5812 0
3814 5812 0
3818 5812 0
383 5812 0
3834 5812 1
3849 5812 1
3850 5812 0
3851 5812 1
3852 5812 1
3853 5812 1
3855 5812 1
3857 5812 0
3859 5812 0
3860 5812 1
3861 5812 1
3866 5812 1
3868 5812 1
3872 5812 1
388 5812 1
3880 5812 1
3882 5812 0
3886 5812 0
388650 5812 0
3889 5812 0
389 5812 0
389177 5812 0
3897 5812 1
390 5812 1
3902 5812 0
3904 5812 0
390616 5812 0
3909 5812 0
3913 5812 0
3914 5812 1
3925 5812 0
3927 5812 0
3929 5812 0
3934 5812 0
3936 5812 0
3939 5812 0
3950 5812 0
3952 5812 0
3955 5812 1
3956 5812 1
3957 5812 0
3958 5812 0
3960 5812 1
397 5812 0
3972 5812 0
3973 5812 0
3976 5812 0
398 5812 1
3987 5812 0
3991 5812 0
3992 5812 0
399664 5812 0
40 5812 1
4001 5812 0
4010 5812 1
4017 5812 0
4018 5812 1
4036 5812 0
4052 5812 0
4057 5812 0
4061 5812 0
4062 5812 0
4071 5812 0
4072 5812 1
4081 5812 0
4085 5812 0
4093 5812 0
4099 5812 1
4100 5812 0
4109 5812 0
4110 5812 0
4111 5812 0
4113 5812 0
4118 5812 1
412 5812 0
4125 5812 0
4129 5812 0
4130 5812 1
4131 5812 1
4133 5812 0
4141 5812 0
4143 5812 1
4147 5812 0
4154 5812 0
4157 5812 0
416 5812 0
4168 5812 1
417 5812 0
4185 5812 0
4189 5812 0
419 5812 0
4199 5812 1
421 5812 0
4210 5812 0
4212 5812 1
4224 5812 1
4233 5812 0
4237 5812 0
4240 5812 0
4254 5812 1
4256 5812 0
4258 5812 0
4267 5812 0
4283 5812 1
4294 5812 0
4298 5812 0
4308 5812 0
4311 5812 1
4313 5812 0
4317 5812 0
4318 5812 1
4319 5812 1
4320 5812 0
4322 5812 0
4329 5812 0
433 5812 0
4336 5812 0
4340 5812 0
435 5812 0
4352 5812 0
4356 5812 0
4359 5812 1
4361 5812 0
43847 5812 1
43849 5812 0
439921 5812 1
440073 5812 1
440738 5812 0
441024 5812 0
441151 5812 1
442194 5812 0
4430 5812 0
4435 5812 0
444 5812 0
4440 5812 0
445 5812 1
4477 5812 0
4488 5812 0
4499 5812 0
4504 5812 0
4507 5812 0
4547 5812 0
4582 5812 0
4583 5812 0
4586 5812 0
4598 5812 0
4599 5812 0
460 5812 1
4604 5812 0
4605 5812 1
4606 5812 0
4608 5812 0
4613 5812 0
4616 5812 0
4618 5812 0
4619 5812 0
4620 5812 1
4621 5812 1
4624 5812 1
4625 5812 0
4626 5812 0
4627 5812 0
4632 5812 0
4633 5812 0
4634 5812 1
4635 5812 0
4638 5812 1
4653 5812 0
4659 5812 0
4664 5812 0
4680 5812 1
4681 5812 0
4683 5812 0
4685 5812 0
4692 5812 0
4693 5812 1
4694 5812 0
4741 5812 1
4744 5812 0
4745 5812 0
4753 5812 1
476 5812 0
4760 5812 0
4761 5812 0
4762 5812 0
478 5812 0
4781 5812 0
4784 5812 0
479 5812 0
4796 5812 0
4804 5812 0
4807 5812 1
4808 5812 1
481 5812 1
4814 5812 0
482 5812 0
4821 5812 1
4824 5812 0
4825 5812 1
4826 5812 1
4835 5812 0
4842 5812 1
4843 5812 0
4852 5812 1
4853 5812 0
4854 5812 0
486 5812 0
4861 5812 0
487 5812 0
4880 5812 1
4884 5812 0
4885 5812 0
4886 5812 0
4889 5812 0
4892 5812 0
4897 5812 0
4907 5812 1
4908 5812 1
4914 5812 0
4925 5812 0
4929 5812 0
4935 5812 0
4938 5812 0
4939 5812 0
4948 5812 1
4973 5812 1
4974 5812 0
4975 5812 1
4978 5812 1
4982 5812 0
49860 5812 0
4992 5812 0
5002 5812 0
5004 5812 0
5008 5812 0
5009 5812 0
501 5812 0
5010 5812 0
5019 5812 0
5020 5812 0
5021 5812 0
5023 5812 1
5024 5812 0
5026 5812 1
5030 5812 0
5031 5812 0
5033 5812 0
5047 5812 1
50486 5812 1
5050 5812 0
50506 5812 1
50617 5812 1
5063 5812 1
50632 5812 0
5068 5812 0
5071 5812 0
5074 5812 0
5075 5812 1
5076 5812 1
5077 5812 0
5079 5812 1
5080 5812 0
50804 5812 0
50831 5812 0
50833 5812 0
50839 5812 0
50855 5812 0
50859 5812 1
50861 5812 0
50865 5812 0
5091 5812 0
5092 5812 0
50943 5812 0
5098 5812 0
5099 5812 1
51032 5812 0
5104 5812 1
51046 5812 0
5105 5812 0
51052 5812 0
51056 5812 0
5106 5812 0
51066 5812 0
51069 5812 0
51083 5812 1
51090 5812 1
51097 5812 0
5111 5812 0
51142 5812 0
51150 5812 0
51151 5812 1
51155 5812 0
51156 5812 0
51170 5812 0
51179 5812 0
51181 5812 0
51186 5812 0
51191 5812 0
51206 5812 0
51207 5812 0
51208 5812 0
5121 5812 1
51222 5812 1
51226 5812 0
51228 5812 0
51237 5812 1
51266 5812 0
51280 5812 1
51286 5812 1
5129 5812 1
51293 5812 0
51297 5812 0
51298 5812 1
51299 5812 0
51301 5812 1
51309 5812 1
51316 5812 0
51321 5812 0
51327 5812 0
51333 5812 0
51350 5812 0
51364 5812 1
51377 5812 0
51384 5812 1
5139 5812 0
51421 5812 0
51422 5812 0
5143 5812 0
51440 5812 1
51454 5812 0
51458 5812 1
51471 5812 0
51477 5812 1
51480 5812 0
515 5812 0
51513 5812 0
5153 5812 0
5154 5812 0
51555 5812 0
51557 5812 0
51559 5812 0
5156 5812 0
51599 5812 0
51617 5812 1
5163 5812 0
51647 5812 0
5166 5812 1
51666 5812 0
51686 5812 0
51702 5812 1
51703 5812 0
51704 5812 1
51706 5812 0
51719 5812 0
5172 5812 0
51725 5812 0
5173 5812 0
51733 5812 0
5174 5812 0
5176 5812 1
51761 5812 1
51764 5812 1
51778 5812 0
5178 5812 0
5179 5812 1
51806 5812 0
51809 5812 1
5187 5812 0
5197 5812 0
5213 5812 0
5214 5812 0
5216 5812 0
5224 5812 0
5225 5812 1
5228 5812 1
5230 5812 0
525 5812 0
5251 5812 0
5260 5812 0
5265 5812 1
5266 5812 0
5267 5812 0
5268 5812 1
5269 5812 0
5272 5812 0
5274 5812 0
5276 5812 0
5284 5812 0
5288 5812 1
5293 5812 0
5304 5812 1
5305 5812 0
5308 5812 1
5309 5812 0
5311 5812 0
5315 5812 0
5319 5812 1
5320 5812 1
5322 5812 0
5328 5812 0
5329 5812 0
534 5812 0
5340 5812 0
53407 5812 0
5345 5812 1
5347 5812 1
5349 5812 0
5351 5812 0
5352 5812 0
5354 5812 1
5355 5812 1
5358 5812 1
5359 5812 0
5360 5812 0
5365 5812 0
5375 5812 1
5376 5812 0
53820 5812 0
53822 5812 0
53904 5812 1
53919 5812 0
53944 5812 0
53947 5812 0
54039 5812 1
5408 5812 0
5409 5812 1
5411 5812 0
54112 5812 0
5414 5812 0
5420 5812 0
54207 5812 0
54221 5812 0
5431 5812 0
54360 5812 0
54363 5812 1
5437 5812 0
54413 5812 0
5443 5812 1
5444 5812 0
5445 5812 0
54453 5812 0
54457 5812 1
5446 5812 1
54474 5812 1
54477 5812 0
54490 5812 0
54516 5812 0
5453 5812 1
5454 5812 0
54541 5812 1
54544 5812 0
5455 5812 1
54566 5812 0
5457 5812 1
5458 5812 0
54587 5812 0
54596 5812 0
5462 5812 1
54623 5812 0
547 5812 0
54714 5812 1
54715 5812 1
54733 5812 0
54738 5812 1
54739 5812 0
5475 5812 1
5476 5812 0
54766 5812 0
54769 5812 1
54798 5812 1
5480 5812 0
5481 5812 0
54829 5812 1
54831 5812 0
54845 5812 0
54852 5812 1
54860 5812 0
54861 5812 0
54874 5812 0
54884 5812 0
54886 5812 1
54892 5812 0
54905 5812 1
54908 5812 0
54910 5812 0
54913 5812 0
54914 5812 0
54918 5812 0
54932 5812 0
54934 5812 0
54937 5812 0
54939 5812 0
54942 5812 0
54946 5812 0
54959 5812 1
54962 5812 0
54967 5812 0
5498 5812 0
54997 5812 0
55008 5812 0
55013 5812 0
55024 5812 1
55036 5812 0
55038 5812 0
55051 5812 0
55055 5812 0
5506 5812 0
55064 5812 0
55065 5812 1
55068 5812 0
5507 5812 1
55076 5812 0
55079 5812 1
55083 5812 1
55084 5812 0
55118 5812 1
55130 5812 0
55150 5812 0
55151 5812 0
55176 5812 0
55198 5812 0
5520 5812 0
55203 5812 0
55205 5812 0
5521 5812 1
55211 5812 0
55214 5812 0
55220 5812 0
55222 5812 0
55224 5812 1
55237 5812 0
55259 5812 0
55269 5812 0
55273 5812 1
55282 5812 1
55311 5812 0
55321 5812 0
55328 5812 0
55332 5812 0
55335 5812 0
55337 5812 0
55365 5812 0
5537 5812 0
5538 5812 0
554 5812 0
5540 5812 1
5544 5812 0
5545 5812 0
55450 5812 0
5550 5812 0
55503 5812 0
55507 5812 1
55510 5812 0
55511 5812 0
55515 5812 0
5552 5812 0
5554 5812 1
55544 5812 1
55554 5812 1
55567 5812 0
5557 5812 0
55576 5812 0
55577 5812 0
55584 5812 0
55601 5812 0
55612 5812 0
55613 5812 1
55626 5812 0
55638 5812 0
55655 5812 0
55684 5812 0
55686 5812 0
55711 5812 0
55723 5812 1
55740 5812 0
5576 5812 0
55765 5812 1
5577 5812 0
55771 5812 0
55791 5812 0
55793 5812 0
558 5812 0
55816 5812 0
5582 5812 0
55821 5812 0
55839 5812 1
55841 5812 1
55859 5812 1
55862 5812 0
55867 5812 0
55885 5812 1
55930 5812 0
55937 5812 0
55966 5812 1
56000 5812 0
56033 5812 1
5604 5812 0
56062 5812 1
5610 5812 0
56100 5812 0
56101 5812 0
56105 5812 0
56106 5812 0
56107 5812 0
56114 5812 1
56124 5812 0
56125 5812 1
56128 5812 1
56130 5812 0
56132 5812 1
56142 5812 1
56143 5812 1
56145 5812 0
56146 5812 1
56155 5812 0
56159 5812 0
56165 5812 1
5617 5812 0
56171 5812 0
5621 5812 0
5623 5812 0
56245 5812 1
5626 5812 0
5627 5812 0
56271 5812 0
563 5812 0
5630 5812 1
56300 5812 0
56301 5812 0
56311 5812 0
5634 5812 1
56341 5812 0
56344 5812 0
56413 5812 0
5644 5812 1
5646 5812 0
5648 5812 1
5649 5812 0
5650 5812 0
5651 5812 0
5653 5812 0
5654 5812 0
5662 5812 0
56650 5812 0
56656 5812 0
56660 5812 1
56667 5812 1
56673 5812 0
56674 5812 0
5669 5812 0
567 5812 0
5670 5812 0
5672 5812 0
56729 5812 0
5673 5812 0
5675 5812 0
5676 5812 0
5678 5812 0
56888 5812 0
56891 5812 0
56892 5812 0
56893 5812 0
56901 5812 0
56913 5812 0
56925 5812 0
56926 5812 0
56936 5812 0
56937 5812 0
56942 5812 0
56944 5812 0
56953 5812 0
5696 5812 0
56967 5812 1
56978 5812 1
5698 5812 0
5699 5812 0
56994 5812 0
570 5812 0
57007 5812 0
57016 5812 1
57030 5812 0
57060 5812 0
5708 5812 0
57084 5812 0
57091 5812 0
57096 5812 1
57101 5812 0
57111 5812 0
57113 5812 1
57116 5812 1
57124 5812 0
57126 5812 1
57127 5812 0
57136 5812 0
57146 5812 0
57151 5812 0
57152 5812 0
57158 5812 1
57162 5812 0
57165 5812 0
57171 5812 0
57172 5812 0
5720 5812 0
5721 5812 0
57211 5812 1
57214 5812 0
57228 5812 0
5729 5812 0
57292 5812 0
573 5812 0
5730 5812 1
5731 5812 0
5732 5812 0
57332 5812 1
57335 5812 0
57338 5812 0
57348 5812 0
57369 5812 0
5739 5812 0
57402 5812 1
57415 5812 0
5742 5812 1
5743 5812 1
5744 5812 0
5745 5812 0
5746 5812 0
57468 5812 1
57476 5812 1
575 5812 0
57502 5812 0
57538 5812 0
57570 5812 0
57576 5812 0
57586 5812 0
57596 5812 0
57613 5812 0
57615 5812 0
5763 5812 0
5764 5812 0
57658 5812 0
57664 5812 0
5768 5812 1
57718 5812 0
57731 5812 0
57733 5812 1
57758 5812 0
57761 5812 0
5778 5812 0
57795 5812 0
57799 5812 0
57817 5812 0
57818 5812 0
57824 5812 0
5783 5812 0
57835 5812 0
579 5812 1
5796 5812 0
5798 5812 0
58 5812 1
5802 5812 0
5805 5812 0
5806 5812 0
58157 5812 0
5816 5812 0
5818 5812 0
5831 5812 1
5837 5812 1
58472 5812 0
58488 5812 0
58498 5812 0
58510 5812 0
58511 5812 1
58529 5812 1
58530 5812 1
5858 5812 0
5860 5812 0
5864 5812 0
5866 5812 0
5880 5812 0
5897 5812 0
59 5812 1
590 5812 1
5909 5812 1
5920 5812 0
5923 5812 1
59336 5812 0
59341 5812 0
5937 5812 0
5947 5812 1
5949 5812 0
595 5812 0
5950 5812 0
5967 5812 0
597 5812 0
5972 5812 1
5982 5812 0
5983 5812 0
5989 5812 0
5990 5812 0
5991 5812 1
5997 5812 0
6000 5812 1
6001 5812 1
6005 5812 0
6006 5812 0
6007 5812 0
6010 5812 0
6017 5812 0
6035 5812 1
6036 5812 0
6037 5812 0
60370 5812 1
6038 5812 0
60385 5812 0
60482 5812 1
60484 5812 1
60490 5812 0
60494 5812 0
60495 5812 0
60529 5812 1
60598 5812 1
60676 5812 1
6096 5812 0
6098 5812 1
610 5812 1
6121 5812 1
6123 5812 0
6124 5812 0
6175 5812 0
6189 5812 0
6196 5812 0
623 5812 0
6234 5812 0
6236 5812 0
6237 5812 1
6241 5812 1
6251 5812 0
6258 5812 1
6262 5812 0
6263 5812 0
6271 5812 1
6273 5812 1
6278 5812 0
6280 5812 0
6281 5812 0
6283 5812 0
6285 5812 1
6286 5812 1
629 5812 0
6291 5812 0
6303 5812 0
631 5812 0
6317 5812 0
6318 5812 0
6319 5812 0
6323 5812 1
6324 5812 0
6326 5812 0
6327 5812 1
6328 5812 0
6329 5812 1
633 5812 0
6331 5812 1
6332 5812 0
6334 5812 0
6335 5812 0
6336 5812 0
6337 5812 1
6347 5812 0
635 5812 0
6354 5812 0
6356 5812 1
6360 5812 0
6361 5812 1
6362 5812 1
6363 5812 0
6364 5812 0
6368 5812 0
637 5812 0
6370 5812 1
6372 5812 0
6376 5812 0
63827 5812 1
6385 5812 0
6386 5812 0
63923 5812 1
63924 5812 1
63973 5812 0
63974 5812 0
63976 5812 1
63978 5812 0
63982 5812 0
6405 5812 0
6406 5812 1
64066 5812 0
64067 5812 0
64078 5812 1
64084 5812 0
64087 5812 1
64102 5812 1
64106 5812 1
64114 5812 0
64131 5812 0
64137 5812 1
6418 5812 0
64180 5812 0
64184 5812 1
64219 5812 0
6422 5812 0
64220 5812 0
64236 5812 0
6424 5812 1
64240 5812 0
6425 5812 1
642559 5812 0
6431 5812 0
643376 5812 0
64359 5812 0
64388 5812 0
64405 5812 0
6441 5812 0
6442 5812 1
64446 5812 0
6447 5812 0
64499 5812 0
645 5812 0
6455 5812 0
64582 5812 0
645961 5812 0
6462 5812 0
646282 5812 0
64714 5812 1
64761 5812 0
64778 5812 0
64781 5812 1
6480 5812 0
6482 5812 0
64834 5812 0
6484 5812 0
64849 5812 1
64850 5812 0
64852 5812 0
64858 5812 0
6490 5812 0
64901 5812 0
64927 5812 0
6493 5812 1
6496 5812 0
65012 5812 0
65055 5812 1
6506 5812 0
6507 5812 0
651 5812 0
6510 5812 0
6511 5812 1
6512 5812 0
65124 5812 0
6513 5812 0
6517 5812 0
652 5812 0
6520 5812 0
65243 5812 1
65244 5812 0
6529 5812 0
653 5812 1
6530 5812 1
6531 5812 1
6532 5812 0
6534 5812 0
6535 5812 0
6538 5812 1
653808 5812 0
654 5812 0
6540 5812 0
6542 5812 0
6555 5812 0
6557 5812 1
6558 5812 0
6559 5812 0
6561 5812 0
6563 5812 1
6564 5812 0
6568 5812 0
6569 5812 0
6570 5812 0
6571 5812 1
6572 5812 0
6579 5812 1
658 5812 0
6582 5812 1
6585 5812 1
6588 5812 0
6590 5812 1
65980 5812 0
65983 5812 0
65988 5812 0
65997 5812 1
65998 5812 0
66035 5812 0
661 5812 0
6611 5812 1
6615 5812 0
6616 5812 1
6620 5812 0
6623 5812 1
6624 5812 0
6632 5812 0
664 5812 0
6653 5812 0
6662 5812 0
6663 5812 0
667 5812 0
6676 5812 0
6678 5812 0
668 5812 1
6690 5812 1
6691 5812 1
6695 5812 1
6698 5812 0
6699 5812 0
6701 5812 0
6707 5812 0
6708 5812 0
671 5812 0
6716 5812 1
6718 5812 0
6736 5812 0
6750 5812 0
6751 5812 1
6754 5812 0
6755 5812 0
6756 5812 0
6758 5812 0
676 5812 0
6769 5812 1
6770 5812 0
6780 5812 0
6781 5812 0
6783 5812 1
6795 5812 0
6799 5812 1
6804 5812 0
6812 5812 0
6817 5812 0
6833 5812 0
684 5812 0
6853 5812 0
6854 5812 0
6856 5812 0
6861 5812 0
6863 5812 0
6865 5812 0
6866 5812 0
6876 5812 1
6898 5812 0
6899 5812 1
6900 5812 0
6906 5812 0
6910 5812 1
6915 5812 0
6916 5812 0
6926 5812 0
6929 5812 0
694 5812 0
6942 5812 0
6947 5812 0
6993 5812 0
70 5812 1
7015 5812 1
7018 5812 0
7019 5812 0
7020 5812 0
7021 5812 0
7026 5812 0
7027 5812 0
7031 5812 0
7032 5812 0
7033 5812 1
7036 5812 0
7037 5812 0
7038 5812 1
7044 5812 0
7045 5812 0
7047 5812 1
7048 5812 0
7049 5812 1
7051 5812 1
7053 5812 1
7054 5812 1
7058 5812 0
7060 5812 1
7062 5812 0
7066 5812 1
7068 5812 0
7078 5812 1
7079 5812 0
7080 5812 0
7087 5812 0
7091 5812 0
7093 5812 0
7101 5812 1
7103 5812 0
7104 5812 0
7106 5812 0
7112 5812 0
712 5812 0
7125 5812 1
7128 5812 0
713 5812 0
7134 5812 1
7135 5812 0
7136 5812 1
7137 5812 0
7140 5812 1
7148 5812 0
715 5812 0
716 5812 0
7161 5812 0
7164 5812 0
7168 5812 1
7169 5812 1
7170 5812 0
7171 5812 0
7173 5812 1
7179 5812 0
718 5812 0
7180 5812 0
72 5812 1
7203 5812 0
7205 5812 1
722 5812 0
7222 5812 1
7225 5812 1
7227 5812 0
7252 5812 0
7253 5812 1
727 5812 0
7273 5812 0
7274 5812 0
7276 5812 1
727897 5812 0
7280 5812 1
729 5812 0
7291 5812 1
7292 5812 0
729238 5812 1
7294 5812 0
7298 5812 0
7299 5812 0
730 5812 1
7306 5812 1
731 5812 0
732 5812 0
7323 5812 0
733 5812 0
7347 5812 0
7348 5812 1
7349 5812 1
7351 5812 0
7352 5812 0
7356 5812 1
7358 5812 0
7360 5812 0
7363 5812 1
7371 5812 0
7378 5812 0
7379 5812 1
7405 5812 0
7414 5812 1
7424 5812 0
7425 5812 1
7428 5812 0
7429 5812 1
7431 5812 0
7432 5812 1
7434 5812 0
7436 5812 0
7439 5812 0
7447 5812 1
7448 5812 0
7453 5812 0
7458 5812 0
7465 5812 0
747 5812 0
7473 5812 0
7476 5812 1
7481 5812 0
7490 5812 0
7503 5812 1
7512 5812 0
752014 5812 0
7535 5812 0
7547 5812 1
760 5812 1
761 5812 1
763 5812 0
7644 5812 0
766 5812 0
767 5812 0
768 5812 1
7704 5812 0
771 5812 1
7710 5812 1
773 5812 0
7739 5812 1
775 5812 0
7755 5812 0
778 5812 1
7781 5812 1
779 5812 0
7791 5812 0
7805 5812 0
782 5812 1
7832 5812 0
7849 5812 1
785 5812 0
7851 5812 0
7857 5812 0
786 5812 0
7884 5812 0
78989 5812 0
78990 5812 1
78997 5812 0
79012 5812 1
79037 5812 0
7905 5812 0
79054 5812 1
79094 5812 0
79097 5812 0
79154 5812 0
79157 5812 0
79172 5812 0
79188 5812 0
793 5812 0
7932 5812 0
79368 5812 0
79369 5812 0
794 5812 0
79412 5812 0
7957 5812 0
79581 5812 0
79589 5812 0
79608 5812 0
79625 5812 0
79645 5812 0
79661 5812 0
79675 5812 0
79680 5812 0
79695 5812 0
79698 5812 0
797 5812 0
79711 5812 0
79712 5812 0
79719 5812 0
79722 5812 0
79740 5812 1
7975 5812 0
79750 5812 0
79770 5812 0
79774 5812 0
7980 5812 0
79801 5812 1
79802 5812 1
79814 5812 1
79819 5812 0
79822 5812 0
79834 5812 0
79838 5812 1
79841 5812 0
79844 5812 1
79853 5812 0
79862 5812 0
79867 5812 0
79870 5812 0
79875 5812 0
79885 5812 0
79887 5812 1
79891 5812 0
79895 5812 0
799 5812 0
79905 5812 0
79906 5812 0
79924 5812 1
79927 5812 0
79933 5812 0
79935 5812 0
79940 5812 0
79946 5812 1
79948 5812 0
79957 5812 1
79966 5812 0
79981 5812 0
8000 5812 0
80000 5812 0
8001 5812 0
80010 5812 0
80013 5812 0
80020 5812 0
80031 5812 1
80032 5812 1
80036 5812 1
80059 5812 0
80070 5812 0
80086 5812 1
80122 5812 1
80125 5812 0
8013 5812 1
80133 5812 0
80144 5812 0
80150 5812 0
80168 5812 0
8022 5812 0
80232 5812 0
80258 5812 0
80279 5812 0
80303 5812 1
80306 5812 0
80310 5812 1
80329 5812 1
80339 5812 0
8048 5812 0
8061 5812 1
80736 5812 0
80737 5812 0
80739 5812 0
80740 5812 0
80741 5812 0
80763 5812 0
8091 5812 1
810 5812 1
81027 5812 0
81031 5812 0
81035 5812 1
8110 5812 0
8115 5812 0
8128 5812 0
81285 5812 1
8139 5812 0
8140 5812 1
81491 5812 0
81494 5812 0
81551 5812 1
81555 5812 0
81562 5812 0
81575 5812 0
81578 5812 1
81609 5812 0
81618 5812 0
81621 5812 0
81624 5812 1
81693 5812 0
8174 5812 0
81792 5812 0
81831 5812 1
81848 5812 0
81888 5812 0
8190 5812 0
8193 5812 1
820 5812 1
8200 5812 0
8209 5812 1
822 5812 1
8224 5812 0
8237 5812 0
827 5812 1
8277 5812 0
8302 5812 0
832 5812 0
8324 5812 0
8325 5812 1
83259 5812 0
8326 5812 0
8328 5812 0
8329 5812 1
8330 5812 0
8331 5812 0
8332 5812 0
8335 5812 0
8336 5812 1
8337 5812 0
8339 5812 1
8340 5812 1
8341 5812 1
8342 5812 0
8343 5812 1
8344 5812 0
83449 5812 0
8345 5812 0
83450 5812 0
8346 5812 0
8347 5812 1
8348 5812 1
8349 5812 0
8350 5812 1
8352 5812 0
8353 5812 0
8354 5812 0
8355 5812 0
8356 5812 0
8357 5812 1
8358 5812 0
8359 5812 0
8360 5812 1
8361 5812 0
8363 5812 1
8364 5812 1
8365 5812 1
8366 5812 1
8367 5812 1
8368 5812 0
8369 5812 0
8372 5812 0
83729 5812 0
838 5812 0
83869 5812 0
839 5812 0
840 5812 0
8403 5812 1
84034 5812 0
8404 5812 1
8412 5812 0
84159 5812 0
84179 5812 0
842 5812 0
84223 5812 0
8428 5812 0
8433 5812 0
8434 5812 0
8435 5812 0
8436 5812 1
844 5812 1
84436 5812 0
84458 5812 0
8447 5812 0
8448 5812 0
84525 5812 0
846 5812 0
84612 5812 0
8462 5812 0
84631 5812 1
84658 5812 0
8470 5812 0
8471 5812 0
84733 5812 1
84779 5812 0
8482 5812 0
8483 5812 0
8484 5812 1
8490 5812 0
84909 5812 0
84951 5812 1
84981 5812 1
8499 5812 1
8507 5812 0
8508 5812 0
8515 5812 0
8516 5812 0
8519 5812 0
85294 5812 0
8531 5812 0
8534 5812 0
8538 5812 0
8544 5812 0
85446 5812 0
85452 5812 0
85458 5812 0
8547 5812 0
85477 5812 1
8557 5812 1
8560 5812 0
8566 5812 0
8581 5812 1
859 5812 1
8590 5812 0
86 5812 0
8609 5812 0
8611 5812 0
8613 5812 0
8614 5812 0
8618 5812 0
8622 5812 0
863 5812 0
8630 5812 0
8633 5812 0
8644 5812 0
8646 5812 1
8647 5812 0
865 5812 0
866 5812 1
8660 5812 0
8676 5812 0
8687 5812 0
8689 5812 0
869 5812 0
8703 5812 0
8708 5812 0
871 5812 0
8727 5812 0
873 5812 0
8735 5812 1
8736 5812 1
8739 5812 1
874 5812 0
8743 5812 0
875 5812 1
8754 5812 0
8778 5812 0
8786 5812 1
8787 5812 1
8788 5812 0
8789 5812 1
8796 5812 1
8805 5812 0
8808 5812 1
881 5812 1
8814 5812 0
8817 5812 0
8820 5812 0
8824 5812 0
8835 5812 0
8836 5812 0
8838 5812 1
8839 5812 1
8842 5812 1
8844 5812 1
885 5812 1
8857 5812 1
8858 5812 1
887 5812 0
8870 5812 1
8877 5812 0
89 5812 0
8900 5812 0
8905 5812 0
8910 5812 0
8912 5812 0
8913 5812 0
8915 5812 0
8928 5812 0
8932 5812 0
8935 5812 0
894 5812 1
8941 5812 0
896 5812 0
8968 5812 0
8969 5812 0
8970 5812 0
8973 5812 0
89781 5812 0
89797 5812 1
8985 5812 0
89874 5812 0
8988 5812 1
8991 5812 0
8992 5812 0
89927 5812 1
8993 5812 0
8995 5812 0
8997 5812 0
9 5812 0
90 5812 0
9021 5812 1
9023 5812 0
9024 5812 1
9027 5812 0
90273 5812 1
9028 5812 0
9033 5812 0
90355 5812 1
90485 5812 0
9050 5812 0
9052 5812 1
9055 5812 0
9058 5812 1
9071 5812 0
9073 5812 1
9074 5812 0
9076 5812 0
9077 5812 0
9080 5812 0
909 5812 0
9098 5812 0
9099 5812 0
90993 5812 0
911 5812 0
9118 5812 0
9119 5812 1
912 5812 0
9120 5812 0
9122 5812 0
91227 5812 0
9124 5812 1
9127 5812 1
913 5812 0
9132 5812 0
9133 5812 1
9153 5812 0
9154 5812 0
91543 5812 0
916 5812 0
91646 5812 0
9172 5812 0
9173 5812 1
9183 5812 0
91860 5812 0
91966 5812 0
92086 5812 0
9209 5812 0
921 5812 0
9210 5812 0
9219 5812 0
9227 5812 0
9228 5812 1
9229 5812 0
9232 5812 1
92346 5812 0
9235 5812 0
9240 5812 1
9244 5812 0
9245 5812 1
9249 5812 0
9256 5812 0
9266 5812 0
92815 5812 1
9283 5812 0
9287 5812 0
929 5812 0
9293 5812 0
930 5812 0
9308 5812 0
931 5812 0
9311 5812 1
9314 5812 0
9315 5812 0
932 5812 0
9320 5812 0
9340 5812 1
93408 5812 0
9348 5812 0
9350 5812 0
9351 5812 0
9353 5812 0
9356 5812 0
9368 5812 0
9369 5812 1
9370 5812 0
9372 5812 0
939 5812 0
9390 5812 0
9398 5812 0
94025 5812 0
9407 5812 1
94081 5812 0
9411 5812 0
9413 5812 0
9414 5812 0
9415 5812 1
9421 5812 0
9429 5812 1
943 5812 0
9435 5812 1
9436 5812 0
9437 5812 0
944 5812 0
9447 5812 0
9451 5812 0
946 5812 0
9464 5812 1
9465 5812 0
9468 5812 1
9478 5812 0
9479 5812 0
948 5812 0
9480 5812 1
949 5812 0
9496 5812 1
9499 5812 0
9500 5812 0
9508 5812 0
9510 5812 0
9515 5812 0
9516 5812 0
9518 5812 1
9525 5812 0
9536 5812 1
9547 5812 1
9567 5812 0
9568 5812 0
9573 5812 0
9576 5812 0
9582 5812 0
9584 5812 0
9590 5812 0
9603 5812 1
9607 5812 1
961 5812 0
9628 5812 0
963 5812 0
9635 5812 1
9636 5812 1
9651 5812 0
9655 5812 0
96626 5812 0
967 5812 0
9671 5812 1
9687 5812 0
9696 5812 0
9699 5812 0
970 5812 0
9705 5812 1
9717 5812 1
9719 5812 0
9722 5812 0
9723 5812 0
9726 5812 0
973 5812 0
9732 5812 0
9734 5812 0
9745 5812 1
9748 5812 0
9752 5812 1
9758 5812 0
9759 5812 0
976 5812 0
9768 5812 1
977 5812 0
9775 5812 0
9793 5812 0
9796 5812 1
9802 5812 0
9806 5812 0
9823 5812 0
9840 5812 0
9856 5812 0
9891 5812 0
9892 5812 0
9902 5812 0
9903 5812 0
9908 5812 0
9910 5812 0
9911 5812 0
9918 5812 0
9919 5812 0
9935 5812 0
994 5812 0
9945 5812 0
9947 5812 1
9948 5812 0
9956 5812 1
9961 5812 0
9966 5812 0
9970 5812 0
9976 5812 0
9980 5812 0
9985 5812 1
9990 5812 0
9992 5812 0
